id,rating
0,4.080487276734834
1,4.256089599396774
2,4.154235738316011
3,4.500649454896664
4,3.843653491051045
5,4.076644348547616
6,4.252192111459227
7,5.0
8,4.200634709206613
9,1.259419049577841
10,4.290437004232981
11,4.264953096083941
12,4.011109012189538
13,5.0
14,4.619237586588574
15,4.8190464985749015
16,3.678064742951541
17,3.3081204453469026
18,4.602455238816587
19,4.907655838907129
20,3.878908948354272
21,5.0
22,4.1972005153813265
23,1.8607593564533924
24,3.30491634722975
25,3.0689113721450916
26,5.0
27,4.725546665449489
28,5.0
29,3.7647368386522047
30,4.085746549484995
31,2.644642757634403
32,4.190963233090046
33,4.457148138349034
34,4.190539228521694
35,3.7115849554819094
36,4.6499956801815685
37,4.222266989140087
38,4.826700827581923
39,2.5261211630582747
40,4.248671376163093
41,3.7808264555183024
42,5.0
43,4.192175860375354
44,4.078413048230386
45,3.0286189249101323
46,3.678919629548317
47,4.490305748183821
48,3.969770898228317
49,4.694097962594868
50,4.977010246691546
51,4.3879208621260455
52,2.6808538250493665
53,3.9904182852182197
54,4.437691465219258
55,5.0
56,5.0
57,3.715085726677416
58,3.5559582258994844
59,3.9614276148616927
60,4.7182194779609885
61,5.0
62,3.9655186567887237
63,4.492272726799094
64,3.8004470692079577
65,4.471700180897198
66,3.5119870861569606
67,2.8961127090609216
68,3.773524676887292
69,4.299323831824585
70,5.0
71,2.4927294208136757
72,3.8124226900189404
73,5.0
74,4.438030794446712
75,4.998387252323266
76,2.2322172014444863
77,3.095354368579848
78,3.9533476258594895
79,3.692689539114098
80,3.88635220775111
81,5.0
82,3.497371648331078
83,4.8660293994935095
84,4.299363384000707
85,5.0
86,3.1101370723766513
87,1.926863851499613
88,4.617198749376724
89,3.5875736431406704
90,3.534167569253554
91,3.3159269126429347
92,4.545517462764063
93,3.1534875320602533
94,4.56450291695834
95,3.767592032544117
96,2.712969875991005
97,4.140953794154321
98,3.2317010887331525
99,3.8610533897566253
100,2.8325498960135773
101,4.459178287924417
102,4.310798045543526
103,3.715435058423247
104,5.0
105,3.2043275900590573
106,2.9601107847635046
107,3.159658376767728
108,3.5639845093052953
109,4.257089788204547
110,4.282583909583118
111,5.0
112,4.396357183482894
113,3.768103380304253
114,3.175037281945119
115,3.74628316727262
116,4.370187945675395
117,4.924946486229187
118,4.792559733399382
119,2.892529321565605
120,1.0
121,4.436136400458794
122,5.0
123,4.415527917325373
124,4.780257578294596
125,4.541182201826054
126,3.4584351882851827
127,1.0
128,3.4690761145007647
129,1.0997148860746409
130,3.908809973188712
131,5.0
132,3.759968112315625
133,4.904187481618791
134,2.4060847197334354
135,5.0
136,5.0
137,2.5389898996405442
138,4.588127667357866
139,3.2401780157604074
140,4.006097391759661
141,3.027762756932444
142,4.280821609114181
143,4.626634967902012
144,4.11234777600557
145,5.0
146,3.3027769476522346
147,5.0
148,4.306967840794382
149,3.468517735377584
150,3.8541150820077856
151,4.840589139837618
152,4.238839508061237
153,5.0
154,3.8948727705585213
155,3.780503706919779
156,4.843289578690348
157,2.7706505141165216
158,2.827782165650553
159,5.0
160,4.021344230743517
161,3.6443293270441632
162,2.7025737466110424
163,5.0
164,4.606068467747287
165,1.3041006467865068
166,3.727140749550405
167,4.787521595048577
168,4.123410239031106
169,1.1554893710322072
170,4.457149511194477
171,1.8655870282926776
172,5.0
173,4.29657225086136
174,5.0
175,4.612116922495904
176,4.024005106827671
177,4.141341768129778
178,4.147148766845271
179,4.970797548500887
180,4.735184610929451
181,4.4509019900402285
182,3.5186612501907923
183,4.247802001857869
184,3.433101098893196
185,4.479096394010334
186,5.0
187,3.7677704398953047
188,4.465519555912748
189,2.011061861241078
190,4.840767076733369
191,2.6769359117138776
192,3.8185684388983954
193,3.2157488354758783
194,3.860830142836211
195,3.417813892488929
196,4.095051814942707
197,4.476007321981414
198,2.49979433850559
199,4.311024331750479
200,4.250271362368801
201,4.183820482283094
202,4.320487695526569
203,2.6146719126031024
204,3.9653969925431536
205,3.965171403560455
206,4.200088726392754
207,2.729614572726096
208,5.0
209,3.7714142655140037
210,3.840883711015882
211,4.968864004361938
212,4.62619175143509
213,2.411537601764162
214,4.185016352902876
215,4.7258395512403135
216,3.5338638036700045
217,4.33529216145668
218,5.0
219,5.0
220,3.352868021708908
221,3.8467356053528485
222,5.0
223,5.0
224,3.692589889817615
225,2.639886151175581
226,4.63205228032202
227,3.768717466885987
228,4.74026026227134
229,5.0
230,2.8242366946678543
231,3.5315084236002914
232,2.126217938398889
233,3.5328277145375
234,4.269242164166853
235,4.171617631527118
236,3.006671332930005
237,5.0
238,4.246407332423256
239,2.9335509742303003
240,3.920146003543808
241,1.2024266542664637
242,3.971968746679056
243,3.7735663731165534
244,3.575515383241277
245,3.5435926846015073
246,4.4617373828133235
247,2.401585228008313
248,4.06340166275872
249,4.599564504616644
250,4.474449011734967
251,4.391159036764922
252,5.0
253,1.2498691961350414
254,4.843236137023355
255,3.9995197694378786
256,4.901474083620756
257,4.239067334757626
258,4.423150139801207
259,4.2017412323551975
260,4.244899773345743
261,1.0
262,3.726127252538972
263,4.804004575729116
264,4.812392375686842
265,2.4149634505439432
266,2.8125212756702664
267,1.7536701309665492
268,5.0
269,3.9742234415981983
270,2.520688032518459
271,4.267803060047985
272,3.436487538464579
273,3.982018168401046
274,4.564478023881233
275,3.932760248969551
276,4.905801973654131
277,4.58837527082074
278,4.2616934818569145
279,5.0
280,4.271763293373033
281,4.232009925846503
282,5.0
283,2.497582287449418
284,5.0
285,1.0145120526400346
286,3.2062651554814408
287,3.790778969628971
288,4.378523935335569
289,3.9537104055620724
290,4.626666699877609
291,5.0
292,4.833440250691933
293,4.387445407429999
294,2.9557950098730466
295,4.051076362465693
296,3.056975952843977
297,3.862573538981161
298,4.664324240824454
299,4.0453771145576365
300,3.55220289044502
301,4.3636490602916895
302,4.165397189113945
303,4.205691975625773
304,4.130060373132378
305,4.377569716910081
306,3.9336816428662997
307,4.091736841358441
308,4.151733856807388
309,4.012857042965261
310,5.0
311,3.9675980951540044
312,1.6203437261178615
313,4.888892242157961
314,4.806518786153878
315,4.963052670668492
316,4.216800040651938
317,4.4264256711035195
318,4.733195963713243
319,5.0
320,1.4157572357024504
321,4.1670324630803375
322,4.622607181091556
323,3.3928927065741403
324,3.759896498013508
325,4.644372178868558
326,1.6394835115595745
327,3.95408523307301
328,2.2816526466691474
329,1.7614423842909588
330,4.989416047728738
331,3.1494440462502102
332,4.1454518793158925
333,1.1043463924729646
334,4.40346568374798
335,4.44397097274951
336,4.872147446005633
337,4.340043742722482
338,5.0
339,4.947572432668734
340,3.6268885691115673
341,4.416232610489828
342,4.134510774061252
343,4.3263338784596
344,4.714129249389079
345,5.0
346,4.8988928549038695
347,3.4415039469381132
348,3.157696768791306
349,4.903316395860697
350,3.7179019996036433
351,3.811618038725106
352,4.912344746579866
353,4.370021163751386
354,4.733447701300157
355,1.4832452154457962
356,3.833312841912016
357,4.67927786285797
358,2.8002907328754687
359,4.08440935359306
360,2.156537063365178
361,3.4671638389118105
362,3.290108691855541
363,3.992541929808104
364,4.995497637388579
365,3.9768850438563996
366,4.440592189618085
367,3.316024168890727
368,4.491216376138824
369,4.160550857096124
370,4.543709115878277
371,3.4851992941434533
372,3.8380019564886707
373,3.901113386596297
374,4.280418036951093
375,5.0
376,4.592957052630439
377,3.4610913798584764
378,3.919371907516027
379,4.3390275385132835
380,5.0
381,5.0
382,5.0
383,3.122180165706505
384,4.196480613695013
385,3.5020607143655518
386,1.0
387,5.0
388,1.789787865665803
389,3.92125856836795
390,2.2869695136187964
391,3.707509899426543
392,4.504901596522088
393,4.652098720548939
394,3.9881696589472737
395,4.102865059794843
396,1.0434994506154407
397,4.787273654177852
398,5.0
399,4.1967878881498635
400,4.937619495369226
401,3.977071570031378
402,3.754870705358427
403,4.167082422357759
404,5.0
405,4.078866612824485
406,4.470106131556501
407,1.0
408,4.36757308442804
409,4.649473176454752
410,3.3185463649068634
411,3.0310433621430053
412,4.186298619110948
413,3.6975830291055756
414,4.203915958489325
415,4.987161821048237
416,2.8402760213810443
417,4.872087934057678
418,3.738559068936307
419,2.8350587205036444
420,5.0
421,4.7042605257349095
422,3.7123542170620603
423,4.025655802499562
424,3.8978560077779494
425,1.7929534237892302
426,4.16218048539599
427,3.683086718947221
428,5.0
429,4.033688283226371
430,4.0888867199305015
431,5.0
432,2.865739564226906
433,4.174310772234895
434,4.225914215253769
435,1.0721513026271974
436,4.75259660640971
437,4.402356263258047
438,5.0
439,3.057524441989328
440,4.340647725335541
441,4.553058495049328
442,5.0
443,4.5698766181073704
444,4.425256757163646
445,3.1083232799031744
446,4.841766647340679
447,4.478564905568623
448,3.8338384108434758
449,4.576317623801472
450,5.0
451,2.4134452481840314
452,4.141278673175182
453,4.738835214484386
454,4.125902978181053
455,1.0
456,4.782214701972507
457,5.0
458,3.4966139573596435
459,4.392126658396752
460,4.893390664813428
461,5.0
462,3.420346545411832
463,2.183148387828491
464,3.2022626734479727
465,3.887077488779835
466,3.96155154904202
467,4.50072130304633
468,3.676376037935484
469,2.707064349149679
470,3.7835581085384815
471,2.002007788058274
472,3.028175074551177
473,5.0
474,3.1964226956243915
475,3.407851919781649
476,3.0226522233086532
477,4.564279668648947
478,4.412778306263139
479,4.3313574437536175
480,3.7008343700147024
481,2.354462884760528
482,5.0
483,4.311510654084727
484,3.3764304621070043
485,1.9962193747073607
486,4.7592986478925585
487,4.966101070912458
488,4.337960783828411
489,3.9289307223368644
490,4.427940354683391
491,1.0
492,5.0
493,4.496710126847249
494,4.513918910088883
495,4.663948635239034
496,4.596712453456933
497,3.728385574257802
498,4.611987849114118
499,3.170083300794353
500,4.317433840563563
501,4.530636558579725
502,5.0
503,5.0
504,2.4572921855458807
505,4.7343764839192435
506,4.391271663273631
507,4.682233887009476
508,1.0
509,5.0
510,4.557394788135236
511,5.0
512,4.574902083686064
513,4.564840822107897
514,3.364219783060216
515,4.606678751656514
516,3.9929830768745105
517,1.2258692336452293
518,5.0
519,4.11050064092717
520,4.780891197955365
521,3.4147963460753648
522,4.233023803593228
523,4.323073727470289
524,4.766438459796458
525,2.0968219544901445
526,5.0
527,3.824663046628621
528,2.8815151788022915
529,3.9875385119712448
530,4.867697800308191
531,3.9120648674269836
532,4.0833835432810135
533,3.0990262484227156
534,5.0
535,4.757425549467221
536,1.6592905556844713
537,4.540982465868289
538,4.74214511238893
539,4.6178286983548205
540,3.360502331533155
541,4.96211981598973
542,3.4869651410924294
543,1.7656149692944216
544,5.0
545,3.8052527859518523
546,2.7876850996989697
547,2.657798977634258
548,3.688698202066025
549,2.8299136702086427
550,4.3473236204596715
551,3.519742951507657
552,3.794994091519247
553,4.0617767350883405
554,1.6162080662504137
555,5.0
556,5.0
557,3.999207758669774
558,3.1686377244850905
559,4.878245551249273
560,4.155925973650013
561,1.8729535375569848
562,5.0
563,4.134759240235015
564,2.8184280915886397
565,4.009207076982112
566,3.8531369253580303
567,4.777400015020054
568,3.9102892916108005
569,3.8397182806848695
570,5.0
571,4.161950099493233
572,4.203732345756985
573,1.0649748735057845
574,4.919288972805776
575,4.032380156004398
576,4.778060048352133
577,5.0
578,4.335504902508008
579,3.9940842767593217
580,4.528026011924944
581,4.471671758888568
582,2.3421324519287348
583,4.864888349143756
584,3.8948738538687806
585,3.703074271090866
586,3.070547045245577
587,5.0
588,1.9661110321593487
589,4.38131899299481
590,4.3057703783312
591,3.371415537615045
592,3.95197593713558
593,4.016870696870725
594,1.9961995555761787
595,4.611371039675741
596,4.484264685436821
597,3.758390779493053
598,4.115733151489339
599,4.858216761442491
600,3.311859471219956
601,2.982608899259561
602,3.5816290735012357
603,4.845479594081816
604,4.161786024426911
605,3.927215718012996
606,3.6580814488108686
607,5.0
608,5.0
609,3.1584323388632196
610,4.551860162257559
611,4.104349510686419
612,4.669363792831159
613,4.8774447897658435
614,4.10288385904411
615,4.586709047752057
616,3.993664465686562
617,4.151614330869047
618,4.559374572613113
619,2.1146951643758363
620,2.0103717574026487
621,3.2136870339502623
622,4.973333682988804
623,4.224616671591647
624,5.0
625,2.9346368946596018
626,3.7134789865587345
627,4.891207766278981
628,4.697109714526364
629,1.0
630,3.66364197441563
631,4.171670099758506
632,4.729892234374459
633,4.121400617465221
634,3.819269949991714
635,3.549948768061081
636,4.2848268464166495
637,4.307141195937061
638,3.915339893717083
639,3.7360661763252256
640,3.7773469231544974
641,3.940623675433651
642,4.931826302209456
643,4.635342839331682
644,3.325709221252241
645,4.508167113195814
646,3.5428876152652267
647,3.6278864503555517
648,3.8277797205413475
649,4.267974763406424
650,4.441496698463243
651,4.665698852611462
652,4.858851868080014
653,2.45969730299364
654,4.195446352727851
655,3.8819544415256764
656,2.729318113527491
657,4.4761621074092135
658,4.693863213460313
659,5.0
660,4.415024631296114
661,4.258038320317215
662,3.735078375912153
663,2.5924122362546074
664,4.310553997394762
665,4.989019816475938
666,4.434006103775838
667,2.2795667754406526
668,5.0
669,5.0
670,4.198188488614089
671,3.793187929955945
672,3.5628951361203782
673,2.7903793245157864
674,5.0
675,1.3054858076005376
676,4.933573772339544
677,4.389160016605986
678,4.9003911582384
679,3.9846048920081327
680,4.028046524422271
681,2.010774413077757
682,3.9450286135975468
683,2.170283050507023
684,4.057299803218321
685,3.850089224630419
686,4.050333273416554
687,5.0
688,3.845368523840678
689,4.5611976793986795
690,4.717592831554834
691,5.0
692,4.983655376754856
693,4.286460776525202
694,3.4917235969608345
695,3.6998085120826687
696,4.424636511072355
697,2.1825319674112977
698,3.816283418131958
699,4.328581670144754
700,5.0
701,4.784677365429234
702,4.065522622524299
703,4.995152465842443
704,4.077115892767643
705,2.6473791401894333
706,5.0
707,5.0
708,4.779863733811679
709,3.4876178195222862
710,3.5974933364311967
711,2.7739706738717
712,4.119718424128354
713,4.416579854719424
714,4.848222084671644
715,4.895706618695222
716,5.0
717,5.0
718,4.577537930111385
719,3.4762172443081547
720,5.0
721,4.6974864164135886
722,5.0
723,4.732280507476346
724,3.701553716179064
725,3.971384790496571
726,4.31193467446702
727,3.9544964945664454
728,4.526949350655438
729,2.867463834680608
730,4.5362190866088925
731,5.0
732,4.598005324032791
733,5.0
734,3.6210522636066687
735,4.033457480580057
736,4.836364329115237
737,4.552402810720712
738,3.9352655236477343
739,3.013020954133062
740,3.965135917010895
741,4.345364733913586
742,4.545081791934842
743,3.98607880696205
744,3.2244026202912384
745,4.914140702568304
746,4.528710935090844
747,4.77219777545788
748,4.363754894295782
749,4.005014038654485
750,4.759836829437265
751,4.266771599617149
752,4.336618913875497
753,4.043463148433311
754,2.696008456185216
755,4.6057740559175855
756,1.0
757,5.0
758,1.4385714724715013
759,4.90498272963922
760,2.9858676216148403
761,5.0
762,2.3801931307958575
763,2.2340803335260815
764,4.306706380201071
765,4.749265815007215
766,3.894565973226403
767,3.8946956344654007
768,3.1048186375464217
769,3.0913163714570953
770,3.711779812540291
771,2.7410866845301336
772,3.7034334327029366
773,3.8115693890729023
774,1.5814330838275723
775,4.924907382952476
776,3.5584834472264912
777,3.5009103145426064
778,3.965076126172723
779,4.394283020880905
780,4.737830154194798
781,2.787903595774347
782,3.1070811535710567
783,4.229088718316932
784,2.2212134046366274
785,5.0
786,4.6279186537125865
787,4.159627711898763
788,5.0
789,1.0
790,4.980083002366974
791,4.432871453052862
792,4.236699090630972
793,3.8613209780338646
794,3.921455790086927
795,3.050443028137785
796,2.996776202038625
797,3.3835886895555123
798,3.229972341072983
799,3.897505878870365
800,2.1054338366040177
801,3.376470437265556
802,3.629793641261583
803,4.433655371802329
804,3.0600178483525546
805,4.586636495081686
806,4.239885237312174
807,3.628074432462651
808,2.6127901391810973
809,4.794545007175814
810,4.515866937804692
811,5.0
812,2.308449139674072
813,2.090307307297499
814,4.139235751053407
815,4.4538674055445915
816,3.863772779071059
817,5.0
818,4.904029877033845
819,3.2917538423862416
820,5.0
821,4.465710287620424
822,4.727660976766032
823,4.772787944564218
824,3.9302941919889283
825,4.239490513745515
826,3.2506851262309095
827,4.864234299531936
828,3.2661260776566774
829,4.017512954314678
830,3.833578821596163
831,4.3535122564747235
832,4.030529490404641
833,4.52633480417659
834,3.7078145309083754
835,3.4145333759913967
836,4.518928306053371
837,4.106919915039068
838,5.0
839,3.9509131433295437
840,4.053438286953023
841,4.052914616045577
842,4.670245099791475
843,2.5553409540402354
844,4.722032288259196
845,5.0
846,3.7336687043414347
847,4.889278970752754
848,3.796861669066308
849,3.449629082080076
850,3.7292917872393474
851,4.177121814685114
852,2.686865210770552
853,4.095084015926129
854,3.3535514769653436
855,3.4560281510136717
856,2.32311335488596
857,5.0
858,4.345135935659331
859,4.6498743776077855
860,3.950085184119308
861,5.0
862,3.4890377401982207
863,3.2756922354316154
864,3.9551019800800153
865,4.473405240344562
866,4.2000061101433
867,3.508681624781507
868,5.0
869,4.217891882616393
870,4.180444086310566
871,3.70565023470462
872,4.946745234198854
873,4.717625770005963
874,4.506993767253354
875,4.275704370290143
876,3.572893115595713
877,5.0
878,4.733652858410492
879,4.149549254758056
880,4.637860251418074
881,3.6627281389521773
882,3.152436179351171
883,1.0
884,2.4745962179101673
885,3.3658514738836356
886,5.0
887,2.877619468324837
888,4.15933673497025
889,3.599960574293418
890,1.264677374972035
891,2.0218028680650457
892,3.7621254682903906
893,4.051413463130412
894,4.488762000810695
895,3.28668583641453
896,3.800869854955579
897,4.659403973312135
898,4.799025488136398
899,2.890035340112684
900,1.0
901,3.0552285781932316
902,4.97224564987291
903,3.5947204798379886
904,4.829150439011681
905,3.6309956630949194
906,4.207721632154754
907,3.6877075626282028
908,4.219846213911471
909,4.237110069952675
910,4.218971176869598
911,4.808730772927665
912,3.508460689104499
913,4.762963724818503
914,3.932759573200755
915,4.607244498634919
916,3.298312924398485
917,4.033398740150584
918,3.7684289179385075
919,3.611781842243953
920,4.785814536852793
921,3.5861878569918857
922,4.553637947788276
923,4.23868774494673
924,4.593037904204765
925,2.3475805795767037
926,4.0517106577758035
927,4.00214270012441
928,4.543646898865195
929,4.046705175483125
930,4.252821386985195
931,4.286020594653476
932,4.622861252031249
933,5.0
934,1.0
935,5.0
936,5.0
937,4.9049167981188155
938,3.6725376040507696
939,4.481224516016376
940,4.32088738559817
941,4.372537748489378
942,4.482544799325634
943,2.79439603691657
944,5.0
945,4.053248631723706
946,3.836978959533462
947,3.6753899887469252
948,4.812633981423463
949,4.749498819078189
950,2.0730221617165023
951,5.0
952,5.0
953,4.680757466752071
954,4.873755944243683
955,3.4591653859851053
956,2.1268594961074756
957,3.8082423000261816
958,4.560524946953772
959,3.158646316788676
960,3.9862780017722987
961,4.4225753894959325
962,3.911083185911597
963,2.734251374521522
964,2.50865999291318
965,4.222423772100865
966,5.0
967,5.0
968,3.850151799462688
969,4.089599681940742
970,4.028685872597448
971,4.7449627795507086
972,2.9381769400640465
973,3.276611568405123
974,2.8542938404343925
975,3.852554042391322
976,4.994772648020139
977,3.0216181952506345
978,3.2432805258215387
979,5.0
980,4.606541340918454
981,3.9828090382536723
982,4.8784979188887725
983,1.5043692764889642
984,4.979559170607519
985,3.8391326829262256
986,4.7884292279141025
987,4.010428980850924
988,4.0527809785807944
989,3.981820622635369
990,3.9138226080861855
991,3.618368906286884
992,4.29914368786265
993,4.390586720062574
994,4.023405615005675
995,4.036524956126253
996,4.692217985319267
997,2.712958658925487
998,3.39793696633578
999,4.285565944627198
1000,5.0
1001,4.6375120745395755
1002,4.777819861745475
1003,4.454087110148363
1004,3.103897610587107
1005,4.264364672296573
1006,3.1464340318831576
1007,4.050124322006086
1008,3.9463176623459977
1009,3.39086937431679
1010,4.237162911057888
1011,4.934559380550932
1012,4.841865024070303
1013,2.734113217084296
1014,3.100589294952604
1015,3.6928010882106888
1016,4.665531898670647
1017,3.025626349375945
1018,5.0
1019,4.433156058720618
1020,2.867042510707028
1021,3.9806163479778114
1022,4.612585790279942
1023,5.0
1024,3.002371268426799
1025,4.829287616565522
1026,4.082615777719629
1027,3.908817964252908
1028,2.8142763735004896
1029,3.9361499410011103
1030,4.077460499670838
1031,4.607871717576259
1032,4.758247937383881
1033,4.553093827775183
1034,4.041953947855746
1035,3.940611544473385
1036,5.0
1037,4.383623604727055
1038,4.943810385196464
1039,3.630340041340699
1040,5.0
1041,3.1609634752342712
1042,4.343409085276482
1043,3.8608692434084584
1044,5.0
1045,4.841688104303221
1046,5.0
1047,2.741260707165219
1048,3.7392501574209214
1049,3.332677005275586
1050,4.83861401376196
1051,3.8196607493379826
1052,3.870855104357879
1053,4.723169672201577
1054,4.089092232346634
1055,3.4764290437377023
1056,4.672651256859401
1057,4.341520722286713
1058,2.963687899132029
1059,3.7296772012727857
1060,5.0
1061,2.6493854769026006
1062,4.903074137156544
1063,4.361824356284725
1064,4.813815925615926
1065,3.9370043074994454
1066,5.0
1067,2.733574121162736
1068,4.553855665890487
1069,2.710499033119112
1070,4.3054767409026615
1071,3.709270386047829
1072,3.792614819333505
1073,3.879703526967554
1074,4.372911416248306
1075,2.2649836257982283
1076,5.0
1077,4.092810933729541
1078,4.789739515881434
1079,4.061717160618284
1080,4.185829930032485
1081,4.5157975296525095
1082,3.6004809618715923
1083,3.7280110377551967
1084,5.0
1085,5.0
1086,4.01181488230552
1087,4.499561014139134
1088,4.2168343251209
1089,4.419868187769894
1090,3.145659014466304
1091,3.835558728548869
1092,1.9246449758219721
1093,4.264131422111327
1094,3.1949127878049843
1095,3.101513172158838
1096,4.042350660222882
1097,3.5604037004342466
1098,5.0
1099,3.109511910038999
1100,3.8239282012780293
1101,3.544941015056918
1102,4.276018012002962
1103,1.6914747705180413
1104,4.6590080309518
1105,3.8719262571636
1106,3.8867510467742763
1107,3.7393667141732747
1108,5.0
1109,3.2898846413276157
1110,4.127938417515983
1111,3.8874009945584445
1112,3.4721848533909583
1113,4.93918731924814
1114,3.680386370699283
1115,3.3720928697935424
1116,4.651926420787937
1117,3.3120886966526597
1118,5.0
1119,3.9466575725726587
1120,4.892194741342164
1121,3.862386290358161
1122,4.711285592843653
1123,5.0
1124,3.0655139273636425
1125,4.989522682855394
1126,4.175387906545472
1127,4.059180850601191
1128,5.0
1129,3.9963318651775657
1130,4.682333713061935
1131,4.04554188225239
1132,3.1484517853473495
1133,4.716928873522998
1134,4.320308265835129
1135,3.6173266342195913
1136,4.88250160232301
1137,3.9549192523748165
1138,4.1424894376277654
1139,4.555435823822298
1140,4.503029580572691
1141,3.1959446217936422
1142,3.617986589543433
1143,3.637029820534364
1144,2.4603638942004
1145,4.841388308414208
1146,4.64996571821571
1147,5.0
1148,3.746102913905913
1149,3.939057606287971
1150,4.87929837967522
1151,3.9239617398201716
1152,4.561744085881553
1153,3.3908855370272315
1154,5.0
1155,4.937626838100791
1156,4.15413397835737
1157,3.864514862877028
1158,3.460050227173804
1159,5.0
1160,3.256490453096508
1161,3.3953264999714863
1162,3.730812050300144
1163,3.955859997829513
1164,4.329264491242005
1165,5.0
1166,5.0
1167,4.2615904152025825
1168,5.0
1169,3.7028581385797366
1170,3.4187720597575555
1171,4.983594113211217
1172,4.23692894411898
1173,3.4375335309028525
1174,5.0
1175,4.410341716786155
1176,3.7992882470490787
1177,4.9257690119266755
1178,3.5941847177555837
1179,3.1055647785472384
1180,3.4189370531816228
1181,2.072691464451343
1182,3.332931987232504
1183,2.4266424566539855
1184,4.854931497677684
1185,2.7925031072256514
1186,4.206289342564026
1187,3.714626688990359
1188,3.049957645061907
1189,5.0
1190,3.66676365667017
1191,3.188855625830512
1192,4.3272263365479375
1193,4.027610476838119
1194,3.207680033828992
1195,4.046436408541474
1196,2.589674516348458
1197,3.907568537014799
1198,4.103908880037217
1199,1.2906506873492356
1200,3.352491388055251
1201,3.61987402674696
1202,4.851668727890699
1203,4.869172075123396
1204,4.745714242558592
1205,3.9653273095332677
1206,5.0
1207,3.285213139110195
1208,4.512214125128048
1209,3.3639461626786105
1210,5.0
1211,4.3636899051669955
1212,2.9427415090439966
1213,2.184103245485262
1214,3.295836547033266
1215,4.725315616538685
1216,3.912131502113563
1217,1.295795806227103
1218,4.5026028325462315
1219,5.0
1220,3.4649653139784338
1221,4.768736965769595
1222,3.9673364303826455
1223,4.05367155430207
1224,3.8145059748927244
1225,3.7570857681154197
1226,3.4329119316648806
1227,3.328743386058831
1228,4.083140480322287
1229,4.609384632252268
1230,3.980779712478001
1231,5.0
1232,1.7658402854304744
1233,3.831711053505572
1234,5.0
1235,4.415915426423852
1236,5.0
1237,3.514638738196812
1238,3.9699828110014637
1239,4.496119194850424
1240,4.067625753843754
1241,3.9396837169295926
1242,3.251475052289261
1243,3.8099998379434403
1244,3.5480818849294433
1245,3.8800694839780254
1246,2.5141611560712542
1247,3.484158078716974
1248,3.657166793326522
1249,4.548174819932211
1250,3.267772232099695
1251,4.770743994593646
1252,3.7124997641796105
1253,4.243923993643681
1254,4.298106148940943
1255,4.237257030823145
1256,3.9386262586514933
1257,5.0
1258,3.8431319372410493
1259,3.820144629386344
1260,4.583864072550614
1261,4.753476163210304
1262,4.341400121571345
1263,4.792134266382163
1264,4.5060407440309165
1265,3.616838638433734
1266,3.8722950453090768
1267,4.515449039167353
1268,4.804585404256995
1269,1.358809744757141
1270,4.860126381318675
1271,4.7449189887232235
1272,4.377402930652872
1273,3.0445579800938836
1274,4.049615280769067
1275,3.034385869446181
1276,5.0
1277,4.691289975766408
1278,2.6503770292944404
1279,5.0
1280,4.158244866881922
1281,4.306789586285347
1282,2.281900544908093
1283,4.566747601353711
1284,4.756449806412734
1285,4.184324614074066
1286,4.17683356151838
1287,4.444973378821639
1288,4.146890322367902
1289,4.077869681364948
1290,4.14574281437966
1291,4.676201149568906
1292,4.740711694442615
1293,4.6584460914338255
1294,2.5839298032614386
1295,3.3979186435333384
1296,4.058773399315775
1297,3.857566840752261
1298,3.8417640426167208
1299,4.225106279416203
1300,4.068467681271496
1301,4.325689140661048
1302,4.718917616947802
1303,1.7272571498513836
1304,4.489917475254053
1305,4.203049248866511
1306,4.434011317802058
1307,3.25609781495647
1308,4.238122616567267
1309,4.162078069193404
1310,4.280434603042866
1311,4.008524834833655
1312,4.966658546015242
1313,4.926402523984356
1314,3.818993060236112
1315,4.1776553804054934
1316,4.35098224951886
1317,1.0
1318,4.3413374164387095
1319,2.3482776193919723
1320,4.17554880869935
1321,4.483675486342886
1322,4.328984374535878
1323,3.718712810467439
1324,5.0
1325,3.2954020652458915
1326,4.012686164486874
1327,1.0
1328,4.292030547744044
1329,3.913366750722955
1330,2.956721592142567
1331,3.1343268601029304
1332,1.0
1333,3.950227398739725
1334,2.949082198557217
1335,5.0
1336,1.9792724792623775
1337,2.766400236845975
1338,3.735826937051132
1339,4.932514442340797
1340,5.0
1341,4.705492824167814
1342,3.0450535002501242
1343,2.3611667239509053
1344,4.748760768421052
1345,4.285001704231118
1346,3.68914996014629
1347,4.556150321954636
1348,4.2985651408325785
1349,1.8202990492039306
1350,3.012448611585895
1351,3.332878050542276
1352,3.387781727825118
1353,4.820701222122041
1354,4.531352365525245
1355,3.8686912228413144
1356,3.8040940500256206
1357,3.186830328911813
1358,5.0
1359,1.9024850693660735
1360,3.799793858282232
1361,4.293920354603666
1362,1.9657754769217535
1363,4.041339212807182
1364,4.707243859755865
1365,3.8295235242377803
1366,4.570036437792921
1367,4.421248526013187
1368,3.5668961644504025
1369,3.73532155375056
1370,3.8958397021610733
1371,3.6256611852315705
1372,4.613704816196747
1373,3.9811864834704345
1374,3.9147663052145028
1375,3.738188129707681
1376,3.3545679127097556
1377,4.609292422469878
1378,4.544688264533412
1379,4.603437893764972
1380,4.403848932102543
1381,3.943279079754566
1382,5.0
1383,5.0
1384,3.6745923827018254
1385,4.588994356921874
1386,1.1888122344693672
1387,1.8395946036609168
1388,1.8478542056877072
1389,4.477340991688388
1390,4.218901786011054
1391,4.571621271793731
1392,5.0
1393,4.825550259507938
1394,4.66170267767323
1395,4.78505344415238
1396,3.1600409817056603
1397,5.0
1398,4.303878779054723
1399,3.2307387071147446
1400,1.7758690543989122
1401,4.058216499150187
1402,4.963452548858963
1403,5.0
1404,5.0
1405,4.999932646973095
1406,3.8269584693108243
1407,2.934528160084323
1408,3.768383940759626
1409,2.0288357792055822
1410,3.855220946559191
1411,5.0
1412,5.0
1413,4.860746928945621
1414,3.3848460422923967
1415,3.506659825628353
1416,4.126803764544627
1417,4.338004422038625
1418,4.86358400789123
1419,3.911220990616186
1420,3.4171791627893633
1421,4.144319392795312
1422,4.257951723932986
1423,2.712243063375648
1424,4.1609564151736835
1425,5.0
1426,4.316959594075954
1427,3.9522461958675867
1428,4.880738837324136
1429,4.771268329637922
1430,4.724222139325184
1431,4.864239629340411
1432,3.4383631585129173
1433,4.035481497663929
1434,3.931377149343936
1435,1.0
1436,3.338096016798374
1437,3.3870922451352694
1438,2.958215718580224
1439,5.0
1440,5.0
1441,4.055723333545334
1442,3.4398979088376422
1443,4.582948979717667
1444,3.957454471663958
1445,5.0
1446,4.360293477655367
1447,2.9744498352045374
1448,3.0122616081437443
1449,3.525583400303402
1450,4.351573229312993
1451,1.9298976485780244
1452,2.403262118438802
1453,4.8880164375937385
1454,3.3228181535887376
1455,4.9324325214694955
1456,2.139059471668885
1457,3.846099920540996
1458,4.90868599165942
1459,3.6404033547802825
1460,4.952893915665354
1461,4.871347752898873
1462,3.599368821586431
1463,5.0
1464,4.190869652360834
1465,4.949082501216978
1466,4.733451505115922
1467,4.746794983196494
1468,4.507448788464915
1469,4.745293244027749
1470,4.074307456391727
1471,4.976405188741994
1472,3.867713165958702
1473,4.221545797460692
1474,5.0
1475,3.4028746601392044
1476,4.407577733458212
1477,4.699321693183091
1478,4.040487059683506
1479,4.487002270248503
1480,4.736978238385726
1481,5.0
1482,5.0
1483,5.0
1484,4.625522713564776
1485,1.840295779405805
1486,5.0
1487,5.0
1488,3.8233306218382728
1489,5.0
1490,3.0852301928077144
1491,4.986246099367351
1492,3.5051937551723045
1493,3.1030960923462034
1494,5.0
1495,4.3210311720921695
1496,3.081933348307161
1497,4.325485345052763
1498,4.9505492119885295
1499,4.950246769682649
1500,4.527150669715566
1501,4.256177447556398
1502,4.905964560718815
1503,4.9425620773674614
1504,4.303403284059156
1505,5.0
1506,4.695477857619114
1507,4.35721232290343
1508,4.738220273331362
1509,3.616947796863915
1510,2.911291024189373
1511,2.8487833879090605
1512,4.286945487540309
1513,4.367863654895784
1514,4.838243730860528
1515,1.9378117625482432
1516,2.5137903827416577
1517,4.4698737962923385
1518,5.0
1519,1.2419993956840296
1520,5.0
1521,5.0
1522,2.043843722251298
1523,3.9510770223070364
1524,4.429922676556897
1525,4.896049616422
1526,2.8181312349319545
1527,3.1356672006441286
1528,3.0766905336259365
1529,4.453697201570805
1530,4.693369561616141
1531,2.640247513766465
1532,4.7068369414173485
1533,3.6597719998864546
1534,2.3962987981558044
1535,1.0
1536,4.201306586368195
1537,3.7932169002269793
1538,5.0
1539,4.494486357681675
1540,4.804395964308213
1541,2.704440404772832
1542,1.50139784250011
1543,4.165416155755533
1544,5.0
1545,3.7440582264822266
1546,4.255486877188039
1547,3.979027551023561
1548,3.9195968041390636
1549,1.5487915915151607
1550,4.038344218607505
1551,3.6253100423353333
1552,3.8126858424388956
1553,3.538055167318597
1554,5.0
1555,4.21277815159819
1556,3.730703276766729
1557,3.7558564334355586
1558,3.87944286517052
1559,4.68204135379066
1560,4.481149115504225
1561,4.735655573294028
1562,5.0
1563,5.0
1564,4.8464090339484205
1565,3.043281826690958
1566,4.077056549725986
1567,5.0
1568,5.0
1569,4.022069620796739
1570,3.770876407778089
1571,4.81019063204197
1572,5.0
1573,4.72666321881992
1574,3.685548981221526
1575,3.214708556940038
1576,4.341709636996933
1577,3.466423966929215
1578,3.4486129978229476
1579,2.472867890730879
1580,5.0
1581,4.455142512101922
1582,4.559437149751404
1583,1.6328720251016107
1584,4.264618552344568
1585,4.404174872114108
1586,2.3175334532270186
1587,2.1033005275768843
1588,4.586914110804275
1589,5.0
1590,2.644091503988678
1591,2.3395102670227996
1592,4.70525987435387
1593,2.154589128011475
1594,4.685763464778164
1595,4.7939412479637955
1596,4.50614738628882
1597,4.630482132523218
1598,3.9759295685627545
1599,4.89626974773022
1600,4.226346985521573
1601,3.856518981090143
1602,3.3636792997596654
1603,3.2939175764997777
1604,4.010992412445055
1605,2.2949349400029986
1606,4.466137553134918
1607,4.711436009822839
1608,3.441019851816298
1609,5.0
1610,4.696305291697165
1611,3.4333419743520057
1612,3.503080592782437
1613,4.53151679798761
1614,4.139965219247503
1615,4.256938842656159
1616,2.943293015270236
1617,3.6177578995412034
1618,4.760972520316874
1619,3.9028209155816755
1620,3.502252507455944
1621,2.5291776139491295
1622,2.2151666297919563
1623,3.7985637527562535
1624,4.1098992073450855
1625,4.831659892063842
1626,3.686131184608078
1627,4.799219684907321
1628,3.6638647768877792
1629,4.022163820543549
1630,2.6361361872108318
1631,4.2520965324734625
1632,3.592869095319672
1633,4.061085579747563
1634,2.6962021391452424
1635,3.7367547193404356
1636,3.305685593598403
1637,4.612367493620267
1638,4.8048300197760305
1639,4.9391387106310525
1640,2.145719086552122
1641,3.4145732379490337
1642,2.1901683638866323
1643,3.827423176451027
1644,3.0534003760903334
1645,4.200815928599433
1646,3.367782428260547
1647,4.254291518543444
1648,1.7520336889484445
1649,4.4982621261719204
1650,4.8094782040205954
1651,3.8515374447320987
1652,4.3117304101716885
1653,4.190357383557615
1654,1.0
1655,4.95371398164352
1656,4.737209212497675
1657,4.602831361614383
1658,3.4214643978997232
1659,3.568797260159198
1660,2.024187435868062
1661,4.972210415774233
1662,4.559100834370631
1663,5.0
1664,1.0
1665,4.754321631031938
1666,4.66465969481899
1667,4.228346235282376
1668,4.059977542857743
1669,4.6147412685261635
1670,3.450480632629631
1671,2.5394795193800874
1672,4.63187937691849
1673,4.430052987647356
1674,4.315746003960813
1675,4.090884297730495
1676,4.7734783724282135
1677,4.436225745709419
1678,2.3230869020344587
1679,4.029665893833972
1680,3.9645679157846088
1681,4.400226417421089
1682,3.9725692097343073
1683,4.700676469611384
1684,4.353538471984662
1685,2.4958678339066536
1686,4.786686939655173
1687,4.26574672431164
1688,4.584535238674523
1689,4.521564034818693
1690,4.022181011386144
1691,5.0
1692,3.4967742411659746
1693,5.0
1694,3.723042094788027
1695,5.0
1696,4.427619562644708
1697,4.81617600599375
1698,3.831114017282647
1699,5.0
1700,4.989027083213531
1701,3.0762949170916887
1702,3.8813035223184595
1703,2.609606514934409
1704,4.808504847930463
1705,3.4890569561608302
1706,4.398219048666418
1707,3.5803184897793905
1708,5.0
1709,4.794226518531219
1710,4.280433117354481
1711,4.204756250026495
1712,4.493920074401424
1713,4.91373960226133
1714,5.0
1715,3.7668515548136794
1716,3.876883685677594
1717,1.7288314358828865
1718,3.3265882972989935
1719,4.967547042041243
1720,3.8666620035085777
1721,4.367226761548164
1722,3.031835644923782
1723,4.498109270517369
1724,4.681182364390035
1725,4.793029895536121
1726,4.1112338687663685
1727,4.924972011600918
1728,3.711011873319105
1729,1.3445248223350226
1730,5.0
1731,4.796751002101486
1732,4.13419457054383
1733,3.279524280962767
1734,3.4420830663571462
1735,4.022009237631982
1736,3.9430506516657533
1737,3.800530353018419
1738,4.280673305883589
1739,2.6905217402607637
1740,4.1552893372772575
1741,4.43712574372059
1742,1.9663425390080942
1743,4.998837054348108
1744,2.773052097011349
1745,4.257247567402507
1746,2.805906752151695
1747,4.254900267934679
1748,4.063544592932011
1749,2.8047522361425514
1750,3.4380422436010107
1751,3.9292485764464025
1752,4.353417656631381
1753,5.0
1754,4.931479812836057
1755,3.3200825885766023
1756,5.0
1757,4.004551410738496
1758,1.9342029486607561
1759,2.133402382780663
1760,4.112937176831661
1761,4.913547162982846
1762,4.721367326273049
1763,5.0
1764,4.858926610866612
1765,4.394942284217619
1766,4.03325418156142
1767,4.304411437678976
1768,2.8167011387484893
1769,4.233009975177101
1770,4.945944394348353
1771,2.736694983952651
1772,3.9646740925805526
1773,4.9405335417650065
1774,1.1035111188252653
1775,5.0
1776,4.606159354019618
1777,1.7377258028053595
1778,4.298708605362882
1779,4.8752903119749895
1780,3.9928942508372547
1781,4.1380723727707025
1782,3.857045644035097
1783,3.9053737416774785
1784,4.315776875315286
1785,4.495708603238059
1786,1.6947612283296685
1787,4.873273773635461
1788,3.5178793286629166
1789,4.055298434969734
1790,5.0
1791,3.1346146901334055
1792,4.684387397569918
1793,4.939400766725593
1794,3.4143636017866985
1795,3.793409938437696
1796,4.378737438098602
1797,4.108508184334108
1798,5.0
1799,3.62044239523255
1800,3.215554181324433
1801,4.421273523597714
1802,2.968467147168133
1803,3.0192494304385407
1804,2.1175846455856706
1805,4.764803133654145
1806,4.1433741140823
1807,3.954758353659316
1808,5.0
1809,4.8843616019449545
1810,5.0
1811,4.8669519175312645
1812,2.9333600134639224
1813,4.068906015639728
1814,3.652621113705501
1815,4.1374184236751095
1816,3.1207176449405285
1817,3.812871706094378
1818,2.620518914373907
1819,3.9918451647652375
1820,4.575136233716899
1821,4.9818764393921
1822,4.346364594200295
1823,3.7354574854340443
1824,4.300506444887384
1825,4.062606106728066
1826,4.324433439198125
1827,4.4357444528630365
1828,2.2671225319705863
1829,3.6939506581099035
1830,3.8474472656640817
1831,4.522799589463261
1832,4.436184363759438
1833,3.5895148011524123
1834,4.687262330974955
1835,4.516981125039583
1836,4.18732547140107
1837,4.782960886253488
1838,4.705501875535847
1839,1.0753005352369134
1840,3.7937145788258895
1841,4.1601079316666985
1842,2.5750435036551567
1843,3.6125429855546525
1844,2.1249769845531503
1845,4.838918865688005
1846,2.1163084821465956
1847,4.882153083924568
1848,5.0
1849,4.185869928506536
1850,3.6373850838441193
1851,4.458054796376859
1852,4.5788263340655675
1853,3.0164789224769177
1854,2.3808615212439026
1855,4.23430012042405
1856,3.3339526141685103
1857,3.351760058989995
1858,4.763385431991374
1859,4.850076874680223
1860,5.0
1861,5.0
1862,3.838405559078998
1863,3.867802245971001
1864,4.880722503746018
1865,4.225196336939651
1866,5.0
1867,3.454417037441684
1868,4.154269892843865
1869,4.197027539810104
1870,4.2548809230406235
1871,5.0
1872,4.876459058981937
1873,2.7116567656315618
1874,4.877901933757039
1875,4.644146614858523
1876,3.4880818312304864
1877,3.9903183884921027
1878,5.0
1879,1.0
1880,4.529140864731225
1881,3.9744930692381275
1882,5.0
1883,4.8267390766788045
1884,2.389274691058777
1885,4.050740007865383
1886,3.9241576393148825
1887,1.0
1888,1.0
1889,5.0
1890,4.529407318214374
1891,2.864593606763596
1892,2.400850276396169
1893,4.859197430198964
1894,4.919893248021127
1895,4.4505981915214825
1896,4.431242261445152
1897,3.600781733414331
1898,4.6274663490313666
1899,3.483649264024873
1900,4.690965049263533
1901,4.345534878627288
1902,4.483530351002755
1903,4.00066013166654
1904,5.0
1905,3.9785479639849255
1906,4.314163420851541
1907,4.454596371334448
1908,3.8639388676716018
1909,4.213977573953365
1910,3.3269684687730168
1911,3.6692305004114476
1912,4.907983542898935
1913,4.165449176496841
1914,5.0
1915,4.093699391092441
1916,4.610172851259206
1917,1.0
1918,4.079848202492557
1919,3.0793048468890363
1920,5.0
1921,4.677422572972479
1922,4.415504711603343
1923,5.0
1924,2.174506345319329
1925,4.421410002987942
1926,4.571746221388699
1927,4.309168532767528
1928,2.375653396156239
1929,4.529067988843102
1930,3.651559927471902
1931,4.940970809014507
1932,4.8307057600312655
1933,4.828400828088717
1934,3.2490918347402196
1935,4.9922854276156015
1936,4.576277764132385
1937,5.0
1938,3.3549276778419466
1939,4.26633704577223
1940,3.2977184295557858
1941,5.0
1942,4.611901653210221
1943,3.8857820054455083
1944,4.954148633735566
1945,4.873902870617112
1946,4.0531280290156415
1947,3.7926848289801383
1948,4.834506452331181
1949,5.0
1950,4.57661469139358
1951,3.8218524881204265
1952,3.5101288205826124
1953,4.973673475726668
1954,1.0
1955,2.773785537189023
1956,2.7474830655233564
1957,2.6590561846636205
1958,5.0
1959,3.5439956361049934
1960,4.71026524624718
1961,4.2982628773805684
1962,4.997523585141992
1963,4.97735649767247
1964,4.49702073053885
1965,5.0
1966,4.253790659655884
1967,5.0
1968,4.471745194075001
1969,3.9909804503756767
1970,3.0098982049159857
1971,2.468278174875684
1972,4.109722241475137
1973,3.9472494701330687
1974,5.0
1975,4.2950788949462355
1976,4.317322901969005
1977,4.139741062508104
1978,4.547857490686343
1979,3.9972137631222733
1980,3.882159738623831
1981,2.0556626428528486
1982,1.0
1983,4.995478813626615
1984,4.7193395848607
1985,3.9485476411211984
1986,3.8144896235275754
1987,4.049271755997589
1988,4.152212518379447
1989,5.0
1990,3.0828681656973647
1991,4.356634897287144
1992,4.066699263170957
1993,4.349611614940397
1994,4.8496826723989965
1995,4.788980125550205
1996,4.01981192088208
1997,4.377651855946217
1998,4.272889020511773
1999,4.2556357328306325
2000,4.340379266150059
2001,1.8243166010176843
2002,4.158970345673016
2003,4.624655363350479
2004,4.403742470468564
2005,5.0
2006,3.867954692660989
2007,4.1597627768612115
2008,3.836271652905296
2009,5.0
2010,2.0827786261030403
2011,3.4349782108700886
2012,4.232811985304366
2013,4.466537261976839
2014,4.2284069289972726
2015,4.909749952675297
2016,4.258875400622733
2017,3.0280623275340135
2018,4.301917888957795
2019,4.9145604001246825
2020,3.480118261934668
2021,2.0294963124691745
2022,4.9825934002736885
2023,4.218921224071551
2024,1.0
2025,4.770349802335693
2026,2.619194679359122
2027,4.053126069944238
2028,4.166383854878935
2029,4.0725337140437095
2030,4.024891408086023
2031,4.9364564354902205
2032,4.477947324797788
2033,3.8624590545449182
2034,3.1625706073708826
2035,4.042504517939956
2036,4.200199108652836
2037,4.513420477660369
2038,3.6547329525618855
2039,4.747342801460911
2040,4.16207872656496
2041,4.4117554902467715
2042,1.0
2043,5.0
2044,4.018579316730103
2045,3.7004792396601376
2046,4.279248699311764
2047,2.4042115777999626
2048,5.0
2049,5.0
2050,4.2607574028659885
2051,3.1204650538268655
2052,2.497957266552364
2053,4.211215976091543
2054,3.997367239188684
2055,3.872816524575182
2056,4.545216260808977
2057,4.742280309902306
2058,2.4353851594583826
2059,4.915478560843394
2060,4.250049587557599
2061,5.0
2062,3.6167140744314956
2063,4.785295117015402
2064,5.0
2065,2.5076519999226083
2066,3.011219123546634
2067,4.321570655472333
2068,3.2045693173070458
2069,5.0
2070,4.473502810394897
2071,3.290088689887522
2072,4.063534065886231
2073,3.045607706698851
2074,3.126601272613833
2075,2.316508495354842
2076,3.4662062197776633
2077,3.9037592401344705
2078,3.8843929818632277
2079,4.882303709491871
2080,4.713844471881607
2081,5.0
2082,3.549372965845598
2083,4.099503499362832
2084,1.6612010590440427
2085,5.0
2086,4.787433514737826
2087,4.223873994446337
2088,1.9953313169884053
2089,3.418256858269817
2090,4.420080323158154
2091,1.0965163081170697
2092,2.317285046718938
2093,4.856881472810196
2094,5.0
2095,4.4438222156121965
2096,2.667846278395188
2097,1.0
2098,2.909540992887172
2099,4.433486982033408
2100,3.6390629423544727
2101,4.3251058623605205
2102,4.030599616349808
2103,2.799159906184271
2104,4.741874239139223
2105,4.202553448944927
2106,4.125305507211707
2107,3.8314141130703594
2108,3.5591973358463465
2109,2.986869962273389
2110,3.8858460217929927
2111,4.274733544619861
2112,4.489988091328861
2113,3.975772263777857
2114,4.965966576907529
2115,3.6400969721501575
2116,3.685630983005855
2117,1.8469554933004915
2118,4.379202338689333
2119,4.109179263995623
2120,4.534817588419846
2121,5.0
2122,4.653904060703653
2123,4.163785449999188
2124,2.550926193438824
2125,4.352470264019838
2126,4.315398777531671
2127,4.874349634069372
2128,4.377407834037528
2129,4.706754245779913
2130,4.882320700904044
2131,3.222027755366002
2132,5.0
2133,5.0
2134,4.2209802410956065
2135,4.767954562801549
2136,4.704198197922981
2137,4.123158290476033
2138,3.810831304921552
2139,3.692401173459694
2140,4.079334389227251
2141,3.1647062264823127
2142,3.8336424879279445
2143,1.6395358859684506
2144,4.913180061453078
2145,4.459000319790813
2146,3.667424616333767
2147,2.109316123685285
2148,4.701979041234217
2149,3.7299144059853835
2150,2.650830216486604
2151,5.0
2152,4.153404260803651
2153,4.9539898340284205
2154,4.600014879054666
2155,3.545906974510536
2156,4.864899544448671
2157,3.082288205192702
2158,3.7723134396331313
2159,3.303753726307331
2160,3.847280298649962
2161,3.982078383235577
2162,4.674796292096515
2163,4.361781552748412
2164,4.9018881207180245
2165,4.536102009115938
2166,4.157964686883927
2167,2.1228384903728825
2168,4.549372977425145
2169,4.715499169322065
2170,3.907423149379367
2171,3.4564829569704103
2172,4.505670374463006
2173,1.9807498140654403
2174,4.621091399475468
2175,3.429792097142018
2176,4.301885714664975
2177,3.2233381312212845
2178,4.53452423697296
2179,4.091403451306101
2180,5.0
2181,4.286000588184337
2182,4.473102798615914
2183,3.762010147564797
2184,1.1737117057824433
2185,4.409755236668605
2186,4.449522135074798
2187,5.0
2188,2.9334315402929763
2189,4.357863155169008
2190,4.2368631859181765
2191,4.255820078935683
2192,4.47902994664622
2193,3.0164135276693473
2194,3.1392993207686435
2195,4.264817602839083
2196,4.07796302244913
2197,4.001573645315022
2198,4.0882279517280065
2199,4.052452160631567
2200,3.394172776961774
2201,4.7189367141290575
2202,2.928978353208983
2203,3.414945583596512
2204,4.448471028166825
2205,4.398817214639637
2206,4.65718301125456
2207,3.667620633356835
2208,3.5293975060677334
2209,5.0
2210,5.0
2211,3.052488398866087
2212,4.95839856131225
2213,4.662734816188014
2214,5.0
2215,4.978888711354649
2216,4.741700361994568
2217,3.598784951690093
2218,3.297777091946121
2219,4.850364988404589
2220,4.624769332183132
2221,3.7597139566790965
2222,3.4749215735655588
2223,3.394458338181127
2224,3.2544766441231676
2225,3.412182711119819
2226,4.868117408428965
2227,3.7027810683321443
2228,3.7257589926574384
2229,3.8908344738174803
2230,3.564724039185167
2231,4.289716397027812
2232,4.692430964844787
2233,5.0
2234,4.580166625251
2235,4.697925585330074
2236,4.185532149921026
2237,4.074436918967252
2238,4.3235664757805425
2239,4.672890444261092
2240,4.3756388027171145
2241,5.0
2242,4.994431060309742
2243,2.8891950106012976
2244,5.0
2245,5.0
2246,3.730430873953814
2247,4.355093909446104
2248,4.570796307483951
2249,3.029101963987669
2250,4.234013865284353
2251,3.537828437293611
2252,3.580083909670409
2253,3.042139280252102
2254,4.156633254535857
2255,5.0
2256,4.269879348079916
2257,3.244135878757235
2258,3.3506533369012663
2259,5.0
2260,4.747499145734523
2261,1.3196075044010198
2262,3.7272583422808436
2263,4.808649174151468
2264,2.812885407142197
2265,4.410837914634848
2266,4.80859638189421
2267,4.9268137139634645
2268,1.0
2269,4.516441490487621
2270,4.138793801054093
2271,3.024298875210115
2272,2.917915482853701
2273,4.402748946725809
2274,5.0
2275,5.0
2276,2.742200692336758
2277,4.9494810271226415
2278,4.934143639480879
2279,3.7105481655842247
2280,4.342938607028386
2281,5.0
2282,4.527436238018841
2283,4.718352463590351
2284,5.0
2285,4.147705433914865
2286,4.451191990286836
2287,3.65634512011424
2288,4.971390531237707
2289,4.024488112146927
2290,4.4195899365276565
2291,3.7877762981017193
2292,3.1808835665959623
2293,3.0399188376122384
2294,2.2107125469952216
2295,4.938252350671343
2296,3.6536871874494654
2297,5.0
2298,3.770606381399793
2299,2.7655417098092343
2300,3.7942767519190395
2301,4.259253317445647
2302,5.0
2303,3.9098571310508383
2304,4.178826609326697
2305,4.325629653810415
2306,4.388134989927924
2307,4.150802580395551
2308,3.309183560526071
2309,2.680462562665814
2310,4.221068722843347
2311,4.35041683341265
2312,3.5990707518534153
2313,3.916116105848534
2314,3.6729900996206792
2315,4.9267430532355325
2316,3.5423616231485426
2317,4.159180256810454
2318,3.0215049531627365
2319,4.746578209393956
2320,5.0
2321,4.095870326838663
2322,1.1335643407784692
2323,4.942401309206601
2324,4.296982766042359
2325,4.913966071665217
2326,4.572114217644911
2327,4.130311433132805
2328,3.3507280244097712
2329,4.237595006667905
2330,3.976683472971423
2331,5.0
2332,5.0
2333,5.0
2334,1.9131749972984011
2335,4.70026039778047
2336,5.0
2337,3.733711163061303
2338,1.8543571834240278
2339,3.1857426801956374
2340,4.057497464213657
2341,3.842790351137781
2342,3.7901163041383708
2343,4.571408217620159
2344,5.0
2345,4.857175828286375
2346,3.772106539259549
2347,5.0
2348,3.9989884041800425
2349,4.108391341834977
2350,3.7003422353932347
2351,2.740880482881148
2352,4.2802056477996
2353,5.0
2354,4.143735516195829
2355,4.335457378815292
2356,2.477387780648437
2357,4.417301042100131
2358,5.0
2359,3.9142992181489706
2360,4.802967881601619
2361,4.086367171313683
2362,4.873998715484853
2363,4.253365100694616
2364,4.00044123385084
2365,4.506116138360331
2366,3.8131911131010288
2367,4.461396488960553
2368,4.672233739564888
2369,3.947629878170039
2370,3.8699328060043867
2371,5.0
2372,4.60421761132964
2373,2.636657610415009
2374,4.6127819683165345
2375,5.0
2376,4.246434390658893
2377,4.89987440529094
2378,3.547747291961164
2379,4.510710035387587
2380,3.452187512333825
2381,1.1257927821733191
2382,4.788654004004883
2383,5.0
2384,3.687212676156334
2385,5.0
2386,4.023840246416376
2387,3.8171656694075895
2388,4.408344164519528
2389,4.55824567065901
2390,4.524893538418035
2391,4.147932725497095
2392,3.8874854224357076
2393,4.438766448802998
2394,4.217240759849992
2395,3.9105301450852945
2396,1.4624228416585976
2397,4.677575183387855
2398,4.999341318707858
2399,4.631637326444233
2400,5.0
2401,3.64173813962221
2402,5.0
2403,3.3681453119885787
2404,4.971486168598549
2405,4.073509913855876
2406,4.194576762789228
2407,1.7908799648125242
2408,4.283659753498323
2409,5.0
2410,3.9601538463594914
2411,3.7817194353601162
2412,4.7098877354361495
2413,4.736196233802151
2414,4.345105637836253
2415,2.896350326236332
2416,3.5457450662583585
2417,3.573373954203417
2418,4.964450296101594
2419,4.662970974462955
2420,4.4999730844308745
2421,3.337498280153453
2422,4.231846616050967
2423,4.148169687307412
2424,2.804511833151174
2425,5.0
2426,5.0
2427,3.875235503235995
2428,4.065403008413141
2429,4.655667454944616
2430,2.46973290519667
2431,4.422774182003469
2432,4.570294833441795
2433,4.295477511205767
2434,2.75816717754682
2435,4.386002698642635
2436,3.8475008081151834
2437,3.5147852889126963
2438,4.682821474501203
2439,3.8211590447923225
2440,3.40499931521736
2441,4.926498758499672
2442,4.277581144707354
2443,3.7432576626122662
2444,4.693242635519469
2445,3.9665925865081624
2446,4.006102699238262
2447,4.204507308205064
2448,4.337640467747148
2449,4.142565122987975
2450,3.649015369557427
2451,3.054867499510835
2452,3.477417198864651
2453,1.2407071842495148
2454,1.3408796137148118
2455,4.952340440901817
2456,4.8199934123840364
2457,1.8859835404987026
2458,1.8765282815521793
2459,4.494984068238584
2460,4.654587438146689
2461,2.6508008208451463
2462,4.430188331512245
2463,2.871140623477438
2464,5.0
2465,2.514767252544155
2466,4.103768652936129
2467,4.162163971373786
2468,4.287376750382261
2469,2.832803249196897
2470,3.1170114173489165
2471,3.545441286902846
2472,3.628730367003729
2473,4.167707495157115
2474,5.0
2475,4.058073812870867
2476,3.658568644526863
2477,3.983203473504954
2478,4.706405426259374
2479,4.245552215800553
2480,3.653226726765405
2481,3.347714113757581
2482,5.0
2483,1.338622304215769
2484,3.5738555668711056
2485,4.310950396557919
2486,5.0
2487,4.0871328635175015
2488,3.657433484422447
2489,4.263928261021676
2490,3.2295212246807328
2491,3.3327686183417655
2492,4.2381593679218135
2493,2.977254829391737
2494,3.067799960708504
2495,3.2558628895724264
2496,4.090566191793736
2497,4.3537559986955925
2498,5.0
2499,3.6406776627490895
2500,5.0
2501,5.0
2502,3.963717559849471
2503,4.915970426272666
2504,5.0
2505,3.1841473683837824
2506,3.7562186904695136
2507,3.8803994208088195
2508,4.290783107044281
2509,4.745962979186918
2510,3.9733257926924694
2511,5.0
2512,4.346553636924635
2513,4.428971182933719
2514,5.0
2515,2.9491677604731024
2516,3.3556973415291074
2517,3.94323923688792
2518,3.7706374296142053
2519,5.0
2520,3.293988213302807
2521,3.9891666603695444
2522,4.996116981969966
2523,3.506618037050136
2524,2.3766510695867296
2525,4.220171802055877
2526,3.883735140184189
2527,5.0
2528,3.2442900393740777
2529,3.1987079274663364
2530,4.743971824685725
2531,3.5172080974838726
2532,4.865496490340622
2533,1.5618737109710659
2534,5.0
2535,3.8713169485119607
2536,3.9485291076119404
2537,3.732317007301586
2538,4.329532346641916
2539,4.878897923317159
2540,4.095060906181467
2541,4.314274790403287
2542,3.085133251063171
2543,3.989522363119549
2544,4.636230154454537
2545,3.9408088205714256
2546,4.270347988233744
2547,3.832829503370383
2548,4.5361627039638615
2549,3.634544321913726
2550,3.966134451598005
2551,2.976042993884745
2552,4.002877246666214
2553,4.953206348077777
2554,3.171574034332173
2555,4.863327800378285
2556,5.0
2557,3.0070767972053125
2558,1.0
2559,4.394780737559539
2560,3.9263178933033824
2561,4.03735533248751
2562,5.0
2563,4.0932056535422845
2564,4.135242205975521
2565,4.260705538236029
2566,5.0
2567,4.853578470028275
2568,4.444846639416697
2569,4.7116182813364205
2570,4.051129772393531
2571,4.554247927520365
2572,3.922912986165459
2573,4.960428042953959
2574,4.043122587475631
2575,3.872427626132353
2576,4.360608978948394
2577,4.83540657191297
2578,2.6984338016665523
2579,3.9443881114753845
2580,3.5899770323201796
2581,4.148047960034811
2582,4.7114644357526085
2583,4.049585141805215
2584,4.778965184923885
2585,3.950649929273004
2586,4.375695359498356
2587,5.0
2588,1.1300094492292185
2589,4.267116308419186
2590,3.7547644072938553
2591,3.405258678384007
2592,4.293178189836502
2593,5.0
2594,3.447725217313165
2595,2.4582407338306855
2596,2.9113815916518986
2597,4.729722331034668
2598,4.186845832478474
2599,4.51845623250695
2600,5.0
2601,3.910389131225097
2602,4.134086585490548
2603,4.504861607482186
2604,4.669730983481884
2605,3.5567824366698257
2606,5.0
2607,2.7203544006767784
2608,3.9267720490209506
2609,4.58189894673391
2610,4.771535772674151
2611,1.0930580742737697
2612,4.986849133126351
2613,5.0
2614,3.997089108406236
2615,4.208286818340987
2616,3.977330623736779
2617,5.0
2618,1.1642965744403868
2619,4.814671841927572
2620,4.518716632357998
2621,4.842424861349992
2622,4.579658698949586
2623,1.0650147940634662
2624,4.266728661320835
2625,5.0
2626,1.3923811927861878
2627,4.991664586841959
2628,2.8777868141250273
2629,2.357280127447025
2630,4.695235119496608
2631,4.1032760257640835
2632,4.873774698344121
2633,4.5947437956162975
2634,4.230504066737393
2635,2.815497273614671
2636,1.1834902264981733
2637,4.503478134208727
2638,4.072029962531184
2639,4.801281899165516
2640,4.145535404469048
2641,5.0
2642,3.4617117275511537
2643,3.2906157765022153
2644,4.904182132984114
2645,1.7704694475287297
2646,5.0
2647,4.67504920752709
2648,4.669499224682257
2649,4.31137896149439
2650,2.308697584803644
2651,3.995802780584127
2652,3.773883271714971
2653,3.6703757990281174
2654,4.693493554511706
2655,4.729582331256066
2656,2.5841297957311133
2657,3.719335100485261
2658,3.7909795097532615
2659,4.56953480507304
2660,4.571646758781422
2661,3.420103662755468
2662,4.707719458429929
2663,5.0
2664,1.0
2665,3.9554505641445266
2666,3.1444415544944597
2667,4.381191200957408
2668,4.515553319450939
2669,4.084657725429031
2670,5.0
2671,3.9177183576512538
2672,4.01176414845641
2673,4.003114830443128
2674,2.5744449397454883
2675,4.255938413211965
2676,1.2999337566413456
2677,4.945709107569511
2678,4.094046694217745
2679,3.916326576388785
2680,4.284737509407297
2681,4.146601545149443
2682,4.629755432505625
2683,4.656723341942911
2684,4.163633724273124
2685,5.0
2686,2.9858467696005473
2687,3.524741078442249
2688,4.572660823807946
2689,4.434660716587281
2690,4.106525797132248
2691,4.879752590362728
2692,3.3379147499052895
2693,2.4905184459564946
2694,4.901191947832112
2695,4.157014584053176
2696,1.0
2697,5.0
2698,5.0
2699,5.0
2700,3.588003980582611
2701,4.434661876582076
2702,5.0
2703,4.282376699000295
2704,1.7612185971557843
2705,4.359950755552459
2706,3.284283500714115
2707,3.779717993410437
2708,2.193323652721457
2709,3.175748766661809
2710,4.340746163019071
2711,3.010256607426598
2712,5.0
2713,1.0
2714,4.505199521546475
2715,2.7536095417959845
2716,4.667918744814086
2717,3.024443546856199
2718,4.170745581266753
2719,4.5369068858411605
2720,3.947009941836885
2721,2.590262925415963
2722,4.856255432288338
2723,4.792891393091339
2724,4.203259025586142
2725,4.827047602328241
2726,1.3198723828458716
2727,5.0
2728,3.0234686860170834
2729,4.541271871312976
2730,3.5305264171204147
2731,4.680999244027881
2732,3.6696410362233607
2733,2.912149091779344
2734,3.4806581437335904
2735,1.6915271465785875
2736,2.851449787754043
2737,4.060564862275767
2738,5.0
2739,5.0
2740,5.0
2741,5.0
2742,3.5523259327721446
2743,3.8656215434018297
2744,1.0
2745,2.8266006219175894
2746,3.898680151487166
2747,4.4368543159734
2748,3.744692161143277
2749,3.1673734516778023
2750,5.0
2751,3.6753411931973248
2752,3.9765969955012954
2753,5.0
2754,1.8948646315450444
2755,3.6993064360968444
2756,3.2756429297841665
2757,5.0
2758,3.3953578623036966
2759,5.0
2760,4.28616508915172
2761,3.7194413377038265
2762,2.9102092502346375
2763,5.0
2764,4.628753678721112
2765,4.893703718104125
2766,2.559977985674097
2767,2.8646825083235337
2768,3.700840054490599
2769,5.0
2770,4.221917936537626
2771,4.475768366016326
2772,3.0687336999139765
2773,3.3035489453140996
2774,4.6676255040721415
2775,1.8533305058704077
2776,3.3587607472473238
2777,4.258290731103081
2778,3.2712158828001625
2779,3.4233475829640043
2780,4.72315692129614
2781,4.172123375917024
2782,4.3918975985407425
2783,5.0
2784,4.488091147160589
2785,4.658566061969475
2786,3.8359074571466216
2787,4.503873194099934
2788,4.501133287472096
2789,3.383550497555291
2790,3.9997141357214505
2791,4.749881377483696
2792,2.853207133800672
2793,4.856453475342565
2794,5.0
2795,4.064120895806356
2796,4.1108714950179195
2797,3.96913720417178
2798,2.9435831575583324
2799,5.0
2800,4.186720283408229
2801,3.174204159539376
2802,3.8356171703544417
2803,1.6456485993694652
2804,4.457255182920455
2805,3.024296050691407
2806,3.5302936529517575
2807,4.775191094749184
2808,5.0
2809,4.688559019180797
2810,3.8767340432202784
2811,4.337434864713049
2812,3.8675526570061596
2813,4.6257612593558814
2814,4.348389875857812
2815,4.225306921599268
2816,5.0
2817,4.105427612092242
2818,3.67319409524067
2819,4.931942491044651
2820,4.698376828543471
2821,2.474834227587463
2822,4.004074567670338
2823,4.620262952471804
2824,5.0
2825,2.022029539082978
2826,4.161403447548146
2827,5.0
2828,4.094513338877341
2829,5.0
2830,4.78050645028719
2831,4.822625053548203
2832,4.1853900860356275
2833,3.179412954411794
2834,3.592111358927206
2835,3.905987470611591
2836,5.0
2837,3.5860173302831626
2838,2.4778012804887277
2839,2.671940868680143
2840,3.4703299534192364
2841,4.692016217172332
2842,3.7938010407012817
2843,3.945294547854139
2844,3.412585664033014
2845,4.9857726686758435
2846,4.379578957142614
2847,3.5636654257301537
2848,4.543215823404759
2849,5.0
2850,5.0
2851,3.453977309674295
2852,3.879998975167819
2853,4.333460077023884
2854,4.47716354184398
2855,4.401150583537927
2856,3.4403160421962666
2857,4.185322077126395
2858,4.686935530146897
2859,3.190036344591541
2860,4.942052367808067
2861,4.598948180080681
2862,2.514133972171858
2863,1.2223786670800296
2864,5.0
2865,1.0
2866,5.0
2867,1.6964793557839564
2868,4.6404080402153545
2869,5.0
2870,4.361138417934224
2871,3.8395288047128595
2872,4.139297069963323
2873,3.8611780543648866
2874,3.9858950707300496
2875,4.363347820681878
2876,4.79278516735319
2877,4.9145876870346745
2878,3.779022121939197
2879,4.237723973384134
2880,3.4116328456098506
2881,3.6431338559938684
2882,3.399419000614225
2883,4.035935891415474
2884,4.17475894487252
2885,4.109313500786444
2886,2.9553860753700087
2887,3.936265631905809
2888,2.012925295301848
2889,5.0
2890,3.4430783777060663
2891,3.2742878545195393
2892,3.707238680947543
2893,4.646061653481502
2894,4.688828559841451
2895,5.0
2896,4.989289813460933
2897,1.9849683125884767
2898,4.635874374129768
2899,4.574557147735207
2900,4.498819750684689
2901,4.099262496411128
2902,4.498106584919443
2903,4.941289107798704
2904,4.1427781891185536
2905,3.942076806911759
2906,3.5897018827772076
2907,3.9426751755752876
2908,3.912274205296069
2909,4.632442860564771
2910,4.947917382609726
2911,2.404043564216951
2912,1.2978662801645136
2913,3.059819881429384
2914,3.3282717941493516
2915,3.2831563294389507
2916,4.491234514824617
2917,5.0
2918,3.1724645444557416
2919,4.235785496358534
2920,1.8948339054037182
2921,5.0
2922,5.0
2923,4.357329131309319
2924,5.0
2925,1.0
2926,4.685448462826612
2927,4.2421649609050025
2928,1.0
2929,4.140671157182319
2930,4.6184523086539055
2931,3.2698818069143814
2932,4.070082766833863
2933,1.9123369127442396
2934,2.5268487923630136
2935,4.537548557649326
2936,4.381664503218264
2937,3.863564054800455
2938,4.22669352864425
2939,3.93669038277014
2940,4.5218764204664765
2941,5.0
2942,4.664224358475089
2943,4.0011851366299584
2944,5.0
2945,4.014849379480649
2946,3.87810519711537
2947,4.773307347130634
2948,3.1818652458738153
2949,4.678364041388049
2950,3.9701870425040786
2951,4.1025220165817355
2952,4.275394020693257
2953,2.2332248629192
2954,5.0
2955,2.971266693685692
2956,3.424936279268313
2957,5.0
2958,4.8897198048572745
2959,3.8863307520858688
2960,4.2160266099034445
2961,4.919060368788526
2962,2.520401272347308
2963,3.5733020989329596
2964,2.1317385539420313
2965,5.0
2966,4.774441870254006
2967,4.546953926818295
2968,2.5811532689974026
2969,3.81024928347733
2970,4.354319549637603
2971,4.359049394539707
2972,4.05750831076235
2973,5.0
2974,4.54959354720071
2975,5.0
2976,1.7877310629884453
2977,2.7572067371576283
2978,3.9440077835982867
2979,5.0
2980,3.6337284257421736
2981,4.988826979700168
2982,4.664625340837081
2983,5.0
2984,5.0
2985,4.781277121138415
2986,1.0
2987,4.584833255425289
2988,3.0764714329516045
2989,3.9903969203661442
2990,4.572254428402042
2991,1.6370044548353793
2992,2.229126996037762
2993,4.5746269968839055
2994,3.90458802229431
2995,3.639526108229121
2996,5.0
2997,5.0
2998,3.8225445464879257
2999,3.343182332326882
3000,3.3560976313620268
3001,4.587876134273591
3002,4.782797192168692
3003,4.56783585620485
3004,4.122987036897441
3005,4.178505519201386
3006,5.0
3007,3.81802204643315
3008,4.015533227394937
3009,5.0
3010,3.521747858967868
3011,3.9195693860168235
3012,3.90375540491214
3013,5.0
3014,4.663603510413663
3015,3.4825071587801792
3016,4.019382402315749
3017,4.492017761988088
3018,3.994932099270371
3019,3.721634270973417
3020,4.9169008421169265
3021,3.5111930574815022
3022,3.7262981068469285
3023,2.7654179501138882
3024,3.5238867926124895
3025,5.0
3026,4.683488923446929
3027,3.904637682321466
3028,3.487805556609026
3029,4.2911590926829595
3030,4.660841376797287
3031,4.519008243183565
3032,3.6451372191544182
3033,4.20182968640754
3034,4.100793480616443
3035,3.6197757208236485
3036,4.817181248800221
3037,5.0
3038,4.854593287068695
3039,4.578014449950594
3040,4.578887459202881
3041,4.2205610747802265
3042,5.0
3043,3.9262598614892275
3044,4.4001692683616
3045,1.3244816462787434
3046,3.370867457410566
3047,4.751270617980166
3048,3.737888582602233
3049,3.883417512839591
3050,4.394512774706514
3051,3.32420822252595
3052,4.575902995050033
3053,3.8777492200203367
3054,4.6861231919402355
3055,3.701983825633153
3056,1.1486053932081985
3057,2.458486992546592
3058,1.897667158829546
3059,4.274432725593345
3060,5.0
3061,4.428208898672936
3062,4.957626264467379
3063,4.475150150826602
3064,2.5304386916247337
3065,3.3528071340252183
3066,4.590780411907716
3067,3.403423792091555
3068,4.615140677239483
3069,4.86905642952532
3070,4.086517057398098
3071,3.7391626055921074
3072,3.3139903381674864
3073,5.0
3074,4.95612829169269
3075,4.789846745651471
3076,3.676789027123843
3077,2.7490282477637447
3078,3.952753808374702
3079,4.906842406981113
3080,4.2872243972148265
3081,4.361445591709733
3082,1.0
3083,3.008877547173706
3084,3.36448687046441
3085,4.239529949602513
3086,3.5429251766284855
3087,4.525626439115227
3088,4.033579742213761
3089,4.2434837472470335
3090,4.358317682433821
3091,4.484452839499178
3092,4.7024277213361785
3093,3.2032648478617767
3094,3.7714863545539705
3095,5.0
3096,4.938101677660081
3097,4.566059538367303
3098,5.0
3099,3.7244526562964366
3100,4.563804572586463
3101,5.0
3102,2.544385772552408
3103,4.566676281049098
3104,4.903136515945458
3105,3.8452271563245968
3106,3.167337605407457
3107,3.9446031065234455
3108,4.731878342786291
3109,4.495297011228438
3110,3.8285257600586786
3111,4.163830078794948
3112,3.9030236330081043
3113,2.5450063870318496
3114,5.0
3115,4.692171209562149
3116,5.0
3117,4.76082975012968
3118,5.0
3119,4.9915883018315395
3120,4.023633114811439
3121,5.0
3122,1.0
3123,5.0
3124,4.317675382703336
3125,3.985807517766721
3126,5.0
3127,4.669833350540588
3128,4.350746029886896
3129,4.466449678080277
3130,5.0
3131,1.1840383987401082
3132,3.910942647081301
3133,3.3712879019724555
3134,4.420032338018509
3135,1.4073916555951578
3136,2.8766088247901407
3137,3.483918233074606
3138,4.403821549017152
3139,3.3327811714992026
3140,4.027292417481059
3141,4.47831374214901
3142,4.9547418008858575
3143,4.543518314397401
3144,4.5837820143211285
3145,3.518659180173405
3146,4.42546646643984
3147,2.6403714184958
3148,3.433456166120022
3149,4.8051926409480465
3150,3.8732793149047873
3151,4.700149393510754
3152,5.0
3153,4.886538299627012
3154,3.6762262533761847
3155,2.8520715283376714
3156,2.209597912630319
3157,4.1286522852060195
3158,4.793031607692929
3159,3.759677574910758
3160,4.686092273076391
3161,3.9640820219722617
3162,4.312387656744484
3163,4.326223451832537
3164,4.3301473339515715
3165,4.319281104575701
3166,4.811745263952837
3167,3.632139481189317
3168,3.547027548240918
3169,3.9833169874617873
3170,4.43292441322257
3171,1.034929957004735
3172,4.198445856390861
3173,4.659758350063772
3174,3.7764626845735902
3175,4.363316626953624
3176,3.5270586041668746
3177,4.52515320498735
3178,3.4316023924621892
3179,3.362505681291588
3180,5.0
3181,4.38236213620034
3182,5.0
3183,1.5348328012441301
3184,4.0282065835753835
3185,4.300647691246336
3186,4.8010145815212315
3187,4.610681320331475
3188,4.091638618021539
3189,3.4050716876871974
3190,3.6867331047366747
3191,5.0
3192,4.532459321065915
3193,4.22298885079331
3194,4.170372671491315
3195,2.765976151531608
3196,5.0
3197,4.3666114194910515
3198,3.1895721611177064
3199,5.0
3200,4.29210059899994
3201,4.898316046182145
3202,3.161584790494876
3203,4.507164617084536
3204,2.1387660329723395
3205,3.4153216276611906
3206,3.8548810559516298
3207,3.426027402504498
3208,3.906065010633147
3209,4.69389079688126
3210,3.662600042329136
3211,4.532500640467385
3212,5.0
3213,4.44390781688883
3214,4.917127821889605
3215,3.41304150859137
3216,5.0
3217,3.9175282401499416
3218,4.743134303877982
3219,4.696823726121656
3220,5.0
3221,2.613621066880842
3222,3.974572262894404
3223,4.64624035569577
3224,3.3456644617796534
3225,3.893479153575274
3226,4.604926653321102
3227,4.494718180639576
3228,3.80012087138344
3229,3.0304212750381394
3230,4.592495212956022
3231,4.8357083134895635
3232,4.307619920496529
3233,5.0
3234,4.677812863366978
3235,4.2699052816213365
3236,3.878669970165415
3237,4.475525924278448
3238,1.0
3239,3.4180317292107736
3240,4.9679455265895704
3241,4.567697651234896
3242,3.631706174830716
3243,4.2591206491741165
3244,4.087344902801927
3245,4.777369077927671
3246,4.027455927140389
3247,3.1900281136003708
3248,4.3973734122661465
3249,3.055130413307488
3250,4.3123824179346375
3251,4.766293778508493
3252,3.2657846394695866
3253,2.541695748177384
3254,3.637762989243249
3255,3.7750234810973535
3256,2.2636549405063255
3257,4.411566829022558
3258,2.328049351913905
3259,3.8242386902118968
3260,1.0055832456995455
3261,4.215298474984137
3262,3.680322566286377
3263,5.0
3264,5.0
3265,3.5499190327455525
3266,5.0
3267,4.296440432866235
3268,5.0
3269,4.495747722669465
3270,3.9311262432837104
3271,3.3287809346541852
3272,4.08474646510267
3273,5.0
3274,4.702866837173939
3275,5.0
3276,4.426365110386438
3277,5.0
3278,3.4410340562898716
3279,4.862999372352081
3280,4.875442365129331
3281,1.5131928777304633
3282,4.29976139129717
3283,2.7462108336775777
3284,5.0
3285,3.3447272545119646
3286,5.0
3287,3.491241046673185
3288,4.294003053514883
3289,4.361526010656843
3290,3.9947164634847305
3291,4.387977729131064
3292,4.281640113876861
3293,4.279224868390886
3294,4.94337691007352
3295,3.103051936984566
3296,3.681638550499106
3297,3.7854458814178136
3298,3.1993064317856854
3299,4.417552353309013
3300,3.994364798873206
3301,2.244123127913427
3302,5.0
3303,4.905844358149138
3304,3.689752546336458
3305,2.695824656245254
3306,4.410116448951093
3307,2.9271392947762536
3308,4.141499065935408
3309,3.4101047458693308
3310,5.0
3311,5.0
3312,4.376591835023841
3313,4.091951219217555
3314,4.46139072342844
3315,3.262376294014448
3316,4.61351375389692
3317,4.919037301562115
3318,3.4381308910904345
3319,3.9524660387841952
3320,4.086725071018314
3321,4.184975991773012
3322,3.2983465730789914
3323,4.52524575470997
3324,3.9436540208085535
3325,4.62076751304451
3326,3.6050159365055334
3327,4.92216285432647
3328,2.8498470613137634
3329,1.8229399855078678
3330,4.176694473269712
3331,4.778830378075121
3332,4.407797724327297
3333,4.372988939403381
3334,3.9736493817592256
3335,4.370119673700697
3336,3.8318617880027364
3337,3.60844237062822
3338,4.799813906724254
3339,4.202502648881379
3340,1.7507740453536493
3341,3.8449732144426827
3342,4.24837190385837
3343,3.7995934574197605
3344,4.599529582629428
3345,4.711606765633851
3346,4.447089838227383
3347,1.0
3348,4.907617971176461
3349,1.6615746016470814
3350,1.4360240425671047
3351,4.413084385368486
3352,3.384323494180048
3353,4.838177707299556
3354,5.0
3355,4.340533160148799
3356,3.766675741791404
3357,4.838745828914066
3358,4.501817994291879
3359,3.720913166001751
3360,4.566633392641024
3361,3.6108956924987194
3362,3.2152710478301385
3363,4.289670851155338
3364,4.396591517301429
3365,4.921431709290319
3366,4.108103456737298
3367,3.549646964041326
3368,4.90609625670831
3369,1.314806543572412
3370,3.9987094532375815
3371,3.7184122446938708
3372,3.128535961060145
3373,4.1039076482396455
3374,4.659688608746396
3375,5.0
3376,4.988732452052123
3377,4.02912843440218
3378,4.406892051045015
3379,4.156917292512805
3380,4.080131976219466
3381,3.2466581069008127
3382,5.0
3383,5.0
3384,4.465675171691333
3385,4.532509601258987
3386,3.968138864384217
3387,1.4857231679441156
3388,1.0768775910801827
3389,3.000982483301908
3390,4.796558095355784
3391,3.724752336185014
3392,4.325985708145302
3393,4.333608909697918
3394,4.3786404510039905
3395,2.434434008137116
3396,4.254449449041688
3397,4.833596893836953
3398,4.706817247002699
3399,2.8556105262580367
3400,3.8460794598887325
3401,4.2477797955222
3402,4.923824427874722
3403,3.7681429440868275
3404,3.78548992559402
3405,3.676400748343656
3406,4.592885673338345
3407,4.416607279210556
3408,4.5851645763768065
3409,4.497880655235672
3410,4.303906534103562
3411,1.1145852806587584
3412,4.753079283306871
3413,3.156851739280322
3414,3.7948699541556543
3415,4.941315189119947
3416,5.0
3417,4.31339184058083
3418,4.735288043640489
3419,5.0
3420,4.307184033109328
3421,5.0
3422,4.385659406664566
3423,2.120093764706157
3424,4.281832845967523
3425,4.018488643976383
3426,1.0
3427,5.0
3428,4.485410236136985
3429,3.0423766806680184
3430,1.2075709744318275
3431,4.981490718180986
3432,2.823953573491229
3433,3.30963224670358
3434,3.0559273366951123
3435,4.053210827196881
3436,2.9166342623759194
3437,5.0
3438,3.9523933054469307
3439,4.719674611346184
3440,4.943629292581095
3441,2.1002702156815762
3442,4.974429866745949
3443,4.074642548012721
3444,2.8403450470041376
3445,4.207141812580967
3446,4.27641888973759
3447,5.0
3448,1.3529470004815398
3449,3.667964113160971
3450,3.725925272233658
3451,5.0
3452,4.358827622125624
3453,5.0
3454,3.87842997231255
3455,5.0
3456,3.5238061507648415
3457,3.623971497534508
3458,5.0
3459,5.0
3460,4.766750650435592
3461,2.6890708526786464
3462,3.6967104052013804
3463,4.17456186575816
3464,5.0
3465,2.0740934684875407
3466,3.6637599879986804
3467,5.0
3468,4.0764059052768395
3469,3.014754777598845
3470,3.862984962580814
3471,4.125168353199024
3472,3.658263653030143
3473,5.0
3474,3.756848940836891
3475,4.244540215528879
3476,5.0
3477,4.516450557771163
3478,4.901822596762177
3479,3.262950235370481
3480,4.535049200629879
3481,4.001791990028199
3482,4.289904474755169
3483,2.979605127739894
3484,4.151073608468608
3485,4.736640446609066
3486,5.0
3487,4.466013853518409
3488,5.0
3489,4.58694650910718
3490,2.056084238797735
3491,3.6065580558542214
3492,1.9671958621082846
3493,4.496033304957524
3494,3.862705727026273
3495,4.5083839490759905
3496,3.7326664491476835
3497,3.122706566924351
3498,3.9964430004783056
3499,3.198304570805896
3500,4.438608224138616
3501,4.171950659819547
3502,3.549216868952561
3503,4.358365109004452
3504,4.3104823230254015
3505,3.001713820357018
3506,4.371886317472114
3507,4.6656753262428055
3508,3.361472848437936
3509,3.332076477576913
3510,3.696151304068253
3511,4.682378043924709
3512,3.5351556806316125
3513,5.0
3514,4.79173559439254
3515,3.5291025372172578
3516,4.718976328849119
3517,3.2640922114598876
3518,4.146887433257043
3519,4.6128460410416015
3520,2.301174021580647
3521,4.8225248366188485
3522,2.167227297125739
3523,3.4183538980931196
3524,5.0
3525,1.128757322541548
3526,5.0
3527,1.42763127958786
3528,3.9146543069226007
3529,3.110888177629301
3530,4.6120393285124806
3531,2.1549419972544683
3532,5.0
3533,4.086048659362118
3534,4.540577501913079
3535,3.72241571456279
3536,5.0
3537,4.172533961969304
3538,4.450586657214003
3539,4.266664650609089
3540,4.385770382109211
3541,5.0
3542,3.4978433004946687
3543,4.753171972383886
3544,3.9694157260620075
3545,4.5404881290918375
3546,4.087158650322665
3547,5.0
3548,3.6825682460314866
3549,4.50966404690789
3550,2.6581041862307164
3551,2.8641016423734107
3552,1.786303467510531
3553,5.0
3554,2.153680398803379
3555,3.099362291356476
3556,5.0
3557,4.084712116304989
3558,4.783720908952791
3559,5.0
3560,4.305244055158031
3561,4.803017829197246
3562,4.645453498439651
3563,3.3702059890004037
3564,3.9635292658361037
3565,4.957388790471533
3566,4.379849065968063
3567,4.490188805536867
3568,4.852198081056634
3569,3.7801317437691706
3570,4.5053151304093
3571,3.065388991752534
3572,4.0168241554605935
3573,3.352941898911171
3574,2.3840868958785855
3575,4.400539199187774
3576,4.475067927078001
3577,1.3089160719138675
3578,4.5452067433224865
3579,4.011876431631185
3580,4.317598705886242
3581,5.0
3582,4.671570993066488
3583,4.176249783048812
3584,3.8014054321079307
3585,4.944424100806407
3586,4.36433258672647
3587,2.811180001196729
3588,4.41468228076934
3589,4.5050623158635865
3590,5.0
3591,4.145535043562782
3592,4.1850801841404985
3593,4.169452085967663
3594,3.8265410662294252
3595,3.625834817073703
3596,3.3225130299508856
3597,3.363420465546189
3598,1.1359335849901948
3599,4.155206298146512
3600,4.753130997447684
3601,4.733174074342935
3602,1.1489172708512834
3603,5.0
3604,3.9524415769344783
3605,4.539654974588832
3606,4.668875442515045
3607,2.994875903302848
3608,4.113761428577003
3609,1.0819871190081047
3610,5.0
3611,4.802505119814101
3612,3.724491850971751
3613,5.0
3614,3.6630014416785874
3615,4.722736950455027
3616,4.306786635955931
3617,4.6963280275754276
3618,4.723334373204569
3619,4.737310610541916
3620,3.3990091501843382
3621,5.0
3622,4.561889256708411
3623,1.5431035183204542
3624,3.2738869979991527
3625,3.7140344792987934
3626,4.610089639185996
3627,4.229460776809493
3628,2.953483678688992
3629,4.3948860895936175
3630,5.0
3631,4.404940846025136
3632,3.8922647185577683
3633,4.237361435863595
3634,3.233568545423049
3635,4.904121303746431
3636,4.304513390173506
3637,3.6385352144254615
3638,4.56227138817883
3639,4.24572090139872
3640,5.0
3641,3.0815584564541214
3642,1.5002512099060066
3643,4.476158985166941
3644,1.585608945008641
3645,5.0
3646,4.993041257512459
3647,3.848106264096594
3648,4.215675013892059
3649,3.257105051379492
3650,3.014150735430502
3651,4.600592130068935
3652,1.3336678926082408
3653,4.488546871908839
3654,3.897568033050757
3655,4.75368420975345
3656,4.600815019024053
3657,4.45793060745988
3658,4.395247941254704
3659,3.934982861218523
3660,4.874171458125601
3661,4.473360069252342
3662,4.380049219991779
3663,3.935625310080816
3664,5.0
3665,4.636350709763674
3666,3.0541927243506177
3667,4.685376095491471
3668,4.578846997586749
3669,5.0
3670,3.61605564528989
3671,5.0
3672,4.560112414387719
3673,4.019466673030942
3674,2.9783646861034105
3675,4.684122153888091
3676,2.721853081528722
3677,4.806088893236855
3678,4.408704807566923
3679,3.5211827769952757
3680,4.972280319906123
3681,3.2385746132256426
3682,4.53570495225023
3683,4.358911915025773
3684,4.649138736550879
3685,4.466122909389504
3686,4.48744638625775
3687,4.622329881486746
3688,2.7056293060517795
3689,4.63904266069193
3690,2.6358604171355715
3691,4.21313395007197
3692,4.301636300596772
3693,4.4798800124771105
3694,4.813940249599403
3695,5.0
3696,4.460048398115557
3697,4.359856154233177
3698,3.6145733860488196
3699,4.187216373732946
3700,2.8359579369502814
3701,3.426669796035201
3702,4.084217922805553
3703,3.364990387814548
3704,2.824286136530414
3705,5.0
3706,3.7155562588340505
3707,3.2258688509973608
3708,3.539982431252953
3709,4.7258515706382624
3710,3.0654238984730497
3711,4.910534963268248
3712,4.334878279439943
3713,4.132242674522962
3714,5.0
3715,4.448680657805105
3716,3.8329218945367467
3717,2.0853940364910994
3718,3.5206114951972576
3719,4.508940836072882
3720,3.0738908465731964
3721,4.6556868469215
3722,4.941074601648731
3723,4.298265691655909
3724,4.716748139766533
3725,3.1677076070389276
3726,4.174233169649564
3727,5.0
3728,2.933658092650221
3729,3.5027220360082247
3730,4.046559631340447
3731,2.41734072569775
3732,2.209075161931047
3733,3.395659192735405
3734,4.355557061451416
3735,4.392805851224887
3736,5.0
3737,3.1126160403128007
3738,3.765695032275102
3739,4.788483386987523
3740,4.217397374987921
3741,3.4333437539295124
3742,4.863911918716418
3743,4.608428647199879
3744,3.3066587081862107
3745,2.7520366233794924
3746,3.9329925818441627
3747,4.0643811869436846
3748,3.798656732604062
3749,4.168636997563218
3750,3.6632244573612818
3751,4.409497086509006
3752,4.431270182362123
3753,1.7224173685421518
3754,1.0
3755,3.354840988874801
3756,3.847142843350359
3757,4.27697960599817
3758,3.3238745179406886
3759,4.371778924670607
3760,4.617466027867195
3761,3.7537478320351565
3762,4.11458630143416
3763,5.0
3764,4.060148486078585
3765,3.978239934326015
3766,3.9770177614893996
3767,5.0
3768,1.3336310601199735
3769,4.20772404144571
3770,4.506315461801261
3771,3.859077728089388
3772,3.908833274733385
3773,3.936761108880256
3774,3.415428282855345
3775,3.2046148753722874
3776,4.160434340895277
3777,4.021324781583817
3778,5.0
3779,3.6627898877988323
3780,3.340324162418133
3781,5.0
3782,2.9895651289699123
3783,4.273790330630258
3784,3.2097418743724777
3785,5.0
3786,3.7964520031731914
3787,3.7083971475286406
3788,4.3727215444906955
3789,3.214755527632749
3790,3.6230134826943456
3791,4.475111557582192
3792,4.3419041321733705
3793,4.307115695989073
3794,3.3710087375234528
3795,3.716795814743262
3796,4.355046934684954
3797,3.8925633225530483
3798,3.3605287135691113
3799,2.411458447958965
3800,3.9583945808986796
3801,4.4765959628776875
3802,4.767764640381851
3803,5.0
3804,3.3273433861022377
3805,3.956909186535131
3806,1.5541454415110274
3807,3.009163388790012
3808,4.3966836083938645
3809,3.836219663991972
3810,4.520474578024728
3811,4.5804716500195255
3812,3.815470958318532
3813,3.5785881593301303
3814,4.659604566859904
3815,4.04466795195931
3816,3.754855584310807
3817,4.443690947647971
3818,3.4404025620356595
3819,3.7298441288929007
3820,1.1691912735517576
3821,3.502961945771327
3822,4.9565311594898365
3823,4.274088263620161
3824,2.9961068047888313
3825,2.811661877287503
3826,3.291838449140063
3827,3.5372576604020725
3828,4.677798226256813
3829,4.8972256304587205
3830,4.698925463836301
3831,2.8815584363845637
3832,3.1831576403231354
3833,4.163882711127186
3834,4.087578455752781
3835,5.0
3836,4.696592544425421
3837,3.136969566470362
3838,4.828040111930769
3839,3.297331624924442
3840,3.860390080814784
3841,4.965428768466665
3842,4.809629292393512
3843,2.940714682893855
3844,4.627463053411018
3845,4.971606647444681
3846,4.673970608340095
3847,4.414913076484554
3848,4.442376655656463
3849,4.337110555224385
3850,5.0
3851,3.9485705756236795
3852,3.6147126566228467
3853,1.78395842423885
3854,3.831412158200131
3855,4.8504101764384
3856,5.0
3857,5.0
3858,5.0
3859,4.079591818115038
3860,4.629161315945083
3861,5.0
3862,4.55200816777098
3863,3.119191903286273
3864,5.0
3865,3.767555491042461
3866,3.2621744351179367
3867,3.565411687239833
3868,4.708756360644287
3869,4.060788957354051
3870,4.528960536461531
3871,3.7907327429211093
3872,4.103160369901661
3873,4.7423569420638945
3874,5.0
3875,2.438618133300802
3876,3.5800723134819874
3877,3.7862714694633475
3878,4.284306120582852
3879,2.961969013593304
3880,4.468292521668599
3881,4.83660196691355
3882,5.0
3883,4.366387780347444
3884,3.935352323687275
3885,4.794309584068425
3886,5.0
3887,3.2866936512395646
3888,4.0140554871216105
3889,2.8147036823939477
3890,3.718298330828053
3891,4.579796059389122
3892,4.581214338031146
3893,4.316166512926458
3894,4.143883421111311
3895,4.2406376097297835
3896,5.0
3897,5.0
3898,3.6010838886367424
3899,2.428891579252868
3900,3.8670017992708936
3901,4.585403191304512
3902,5.0
3903,2.035403920928433
3904,3.950037005010987
3905,3.000242796077802
3906,3.9347308178308005
3907,4.802403429889391
3908,4.176946149795951
3909,4.642404282839483
3910,4.811336922607943
3911,3.929525725914583
3912,4.5068142939109075
3913,4.1909580148533285
3914,3.6588765599434216
3915,4.520176633605195
3916,3.077050947103203
3917,4.058322460156078
3918,4.168469236199807
3919,4.1625725366045465
3920,4.630225865072009
3921,4.379125484139452
3922,4.670625326763844
3923,4.555384022493881
3924,4.976781134824328
3925,1.0
3926,5.0
3927,3.1807395414031125
3928,1.56555757715858
3929,4.012869680245572
3930,3.7759821642216154
3931,4.507880055987446
3932,4.674781853731392
3933,3.446658242723439
3934,4.924517284370528
3935,3.1561701475452684
3936,4.433000022951068
3937,5.0
3938,4.264902811355157
3939,3.1759550456270587
3940,5.0
3941,4.0442482120414285
3942,3.0597683172334342
3943,2.8617685098317183
3944,1.9380540742358445
3945,5.0
3946,4.743114715161838
3947,3.246719085920728
3948,2.2952344322544516
3949,3.39286657802757
3950,4.184701497718503
3951,4.410079900915393
3952,3.724717639483306
3953,3.6500960894697547
3954,4.5650619323121004
3955,4.089922701931773
3956,5.0
3957,2.1648623918695105
3958,4.061503281859529
3959,3.528270701602054
3960,2.3336786735767596
3961,4.000601127272884
3962,3.8751441911542024
3963,3.635509006935986
3964,3.2328717148132355
3965,2.220507164339466
3966,2.5309164186988635
3967,3.397368043304631
3968,4.16599265113504
3969,4.974556641857129
3970,4.414775454346485
3971,1.8673808258930482
3972,2.0775249272341942
3973,4.070591072171752
3974,4.306023052701527
3975,4.5289237135697915
3976,3.949998890632432
3977,2.95566636944712
3978,4.904294560233904
3979,4.524470713012147
3980,4.436083010382475
3981,5.0
3982,2.7245299325255785
3983,4.888657053978591
3984,1.0
3985,2.8702485414132455
3986,3.9250304271867984
3987,3.346359030636788
3988,4.969196703481174
3989,3.411756550258676
3990,4.560887032449987
3991,4.8382798909421965
3992,4.062954416427606
3993,4.184629154673895
3994,4.712192973339987
3995,3.5716400991118826
3996,3.7699925541208006
3997,3.4767203981204258
3998,1.3204777648817159
3999,3.5042797808718538
4000,3.7997318146661923
4001,3.774301463576198
4002,4.27452426365662
4003,2.9538195144934134
4004,3.283393114542884
4005,2.5085197595071493
4006,4.393013632030575
4007,4.351304450580161
4008,2.518069793761944
4009,4.00571931942363
4010,4.875200450058551
4011,2.877328934196087
4012,5.0
4013,3.889890494620059
4014,4.0177529933276155
4015,2.1836769789250603
4016,4.819044614923826
4017,4.161439337646328
4018,1.740040580209906
4019,4.558664836585711
4020,3.755478695233449
4021,4.077781356426476
4022,3.7078701220408927
4023,2.027582546403615
4024,2.0241451492941884
4025,4.823286244948575
4026,3.755466466096661
4027,4.277933458782024
4028,3.7739850208449006
4029,3.9933783573297217
4030,5.0
4031,2.101474960788204
4032,3.892165712779674
4033,5.0
4034,5.0
4035,3.928720492632316
4036,4.130940043476093
4037,4.00731320378224
4038,1.9293494119544925
4039,4.363495080296623
4040,4.861063686440854
4041,4.397805215908843
4042,5.0
4043,2.4434141355138115
4044,4.265013415769521
4045,5.0
4046,3.8067785816060233
4047,4.370252783465151
4048,3.1897895021168523
4049,4.893905931734648
4050,5.0
4051,3.820218025027924
4052,4.117039640013022
4053,4.46113129791325
4054,4.481312433799343
4055,1.753426670495614
4056,4.594238376077157
4057,3.441135497607072
4058,4.411265379936188
4059,5.0
4060,4.4891271828927986
4061,5.0
4062,5.0
4063,5.0
4064,3.1166892546443083
4065,3.9553874253909327
4066,4.712080847933734
4067,4.515593195170151
4068,4.1318040748750775
4069,4.254891430321601
4070,5.0
4071,3.1957507528381717
4072,3.0253908807786254
4073,4.198862219370139
4074,3.0632036952932866
4075,3.681859852270704
4076,4.040549609395661
4077,3.372575028983985
4078,4.02454262204626
4079,4.796803437536444
4080,5.0
4081,1.4868613451197064
4082,3.870276899357845
4083,4.581155954846574
4084,5.0
4085,5.0
4086,3.310102994065818
4087,4.273200545824832
4088,1.3051132834447778
4089,4.005058379729028
4090,5.0
4091,4.869596708642153
4092,4.688315823725052
4093,3.535576526494685
4094,2.5157675829096995
4095,5.0
4096,1.3035311102854952
4097,4.160017131311797
4098,2.0757666059482953
4099,4.208781827462121
4100,5.0
4101,4.47440890312076
4102,5.0
4103,4.894092478889245
4104,4.647434893568661
4105,3.8736845509239077
4106,4.4562645924592985
4107,3.9327683347713953
4108,3.4946160484796156
4109,2.6152778113656088
4110,3.3296323698929173
4111,4.875138797567423
4112,2.457664952572539
4113,4.6719075961890955
4114,4.434345787912382
4115,3.698613926397556
4116,4.495008439698106
4117,1.7497973000923477
4118,4.412479807872208
4119,4.51992444561262
4120,4.1299822702255735
4121,5.0
4122,3.336921307103448
4123,4.419401266269516
4124,4.739383115516563
4125,4.217286318207916
4126,3.227937292619832
4127,4.755929849342424
4128,4.358501742768766
4129,3.649882861650955
4130,4.424020881744974
4131,5.0
4132,5.0
4133,4.360868388510591
4134,4.782561237942699
4135,4.226239846717803
4136,4.357900800474766
4137,3.929772879779815
4138,3.838011943377926
4139,4.445034213925584
4140,4.088471749540136
4141,4.76603977683832
4142,4.748186347809741
4143,4.594904538199414
4144,3.8951253567231348
4145,4.716770466369271
4146,4.519437886492175
4147,4.533093486458632
4148,4.444905895105985
4149,3.6931682822734673
4150,3.8065369985621333
4151,3.382034718879663
4152,4.196284452307102
4153,5.0
4154,2.1474236484275258
4155,4.976703964814006
4156,5.0
4157,4.689872542805198
4158,4.182069555598944
4159,3.8930752798902946
4160,4.648381875689759
4161,3.066959013049652
4162,4.898898180649488
4163,5.0
4164,3.5300097246860402
4165,5.0
4166,4.005515674900315
4167,5.0
4168,5.0
4169,2.4407900519363124
4170,5.0
4171,2.9948647255544705
4172,3.9071535192099844
4173,4.7411947870224305
4174,4.011589943303652
4175,2.153373742857076
4176,2.8074650796406537
4177,4.888864473559265
4178,5.0
4179,3.4212054602384163
4180,2.817233700736733
4181,4.571830877227926
4182,4.174320902337365
4183,4.522171316235539
4184,4.259671849109201
4185,2.95651287379418
4186,4.476107123765554
4187,4.1600884285719575
4188,2.3376794755411483
4189,4.8767880338041865
4190,4.585208080094942
4191,3.660573395472302
4192,4.049097797737183
4193,3.9376919229507767
4194,2.8308720701985925
4195,4.56108879165849
4196,3.493886783069907
4197,3.5793757140425937
4198,5.0
4199,3.812459829737038
4200,5.0
4201,3.735613464679258
4202,4.410637326041922
4203,4.491816847120384
4204,4.988446066485725
4205,4.806602112065102
4206,5.0
4207,2.9002985974225775
4208,4.923693573982226
4209,4.973172674701864
4210,3.9598428014298435
4211,4.620620523443257
4212,4.800812761143235
4213,3.824204961717373
4214,4.419601663119698
4215,4.827309740252151
4216,4.588752971308456
4217,4.408269814842772
4218,4.423012124699609
4219,3.55008936716031
4220,4.248390051459047
4221,3.36579996380608
4222,4.33683287579381
4223,4.050719292157454
4224,1.145381961431617
4225,1.0
4226,4.767158364269799
4227,5.0
4228,4.643738472602767
4229,3.377500125373201
4230,4.131962912225969
4231,4.121139077442591
4232,3.1516664316369325
4233,1.2407067815529274
4234,4.226912337834859
4235,4.503382146485578
4236,4.564381082434972
4237,4.021469064219575
4238,3.878429083304088
4239,4.133133274603841
4240,4.511509546027102
4241,3.7182740112859594
4242,4.385118785470023
4243,4.548957386493371
4244,3.3502387340888324
4245,2.7500582361906325
4246,3.3713841968764995
4247,4.587684425529862
4248,2.2577361444241526
4249,2.837088971279112
4250,4.278398534068588
4251,4.178862682327483
4252,1.0
4253,4.4149894623612855
4254,2.234375552434637
4255,3.708571923637713
4256,5.0
4257,3.8242628208822103
4258,3.054413383162467
4259,2.830962001965848
4260,3.394198627388532
4261,5.0
4262,3.8776753395897545
4263,3.6037975020366284
4264,2.2585223718842364
4265,3.207040727551563
4266,4.139130646160014
4267,3.6405602513614896
4268,3.798385488847753
4269,4.421401077217513
4270,3.979983479246244
4271,3.911941367538203
4272,4.185236687230571
4273,4.996562393860718
4274,3.8036754783720452
4275,4.171975352038958
4276,4.994859098510019
4277,2.3268767937787196
4278,4.488281460354891
4279,3.351316183363957
4280,2.9770126051924453
4281,4.675761499569176
4282,3.9058238809561523
4283,3.9524735385318452
4284,3.8751267783855843
4285,3.404285339403976
4286,4.2866632290419515
4287,3.906902976182728
4288,4.463219885356988
4289,4.317105903613202
4290,3.489051432470131
4291,5.0
4292,5.0
4293,3.8027740642901877
4294,5.0
4295,4.050357950358337
4296,4.183608644665605
4297,2.1568036668795982
4298,5.0
4299,4.191106810984431
4300,4.987873225264408
4301,4.929566291907722
4302,3.971323816765121
4303,4.537436047829088
4304,3.8926598067434193
4305,4.001114291011311
4306,4.544789654917351
4307,5.0
4308,2.9999548961572273
4309,5.0
4310,4.195932752086807
4311,4.407325865979291
4312,4.400789619156411
4313,2.9381034038806404
4314,4.493390357885536
4315,3.732755276724829
4316,5.0
4317,1.9401984781011867
4318,4.2299477898339495
4319,3.5408973319986363
4320,4.337238501795015
4321,3.539829272241266
4322,3.8895433097375522
4323,4.424760924436104
4324,5.0
4325,4.52852476827204
4326,4.018601481510674
4327,3.4727102376660866
4328,4.533201574940895
4329,4.1339384567540955
4330,1.0635290239484676
4331,1.2400181997966815
4332,3.783370858698791
4333,4.32353578543168
4334,4.114444728705161
4335,3.6291299060942643
4336,4.247587536586895
4337,4.67825569124417
4338,3.4472224028584835
4339,4.29403682468064
4340,4.222274791837733
4341,4.061091943205732
4342,4.753948203486093
4343,1.4385226363923054
4344,2.750398815463041
4345,1.0
4346,3.796316052243308
4347,4.683099972645317
4348,3.162239341796587
4349,4.396938596943662
4350,1.0
4351,2.887857214169785
4352,4.103267127755191
4353,5.0
4354,3.9651152199715254
4355,3.6625791357017956
4356,2.6104525137970978
4357,4.735428841094866
4358,4.248445081473559
4359,4.41895332759152
4360,4.629527974538576
4361,5.0
4362,4.844610598863982
4363,4.772409324969879
4364,4.156315944225547
4365,3.183307274364073
4366,3.994748576357508
4367,4.510492161936177
4368,2.9349019827431375
4369,3.324086883160427
4370,4.636750688403181
4371,5.0
4372,1.0
4373,5.0
4374,4.528921883290512
4375,4.3792014011941625
4376,3.8626315994036027
4377,4.717682466620982
4378,4.9606724215430145
4379,4.036574167068831
4380,4.803479476822572
4381,2.887405305142081
4382,3.927622774666707
4383,2.8939034186841224
4384,3.0873218721189217
4385,4.275724067728002
4386,5.0
4387,4.238142113880086
4388,3.4975989289585554
4389,4.230895509287768
4390,4.099213750292259
4391,5.0
4392,4.43378987782382
4393,4.95929407157827
4394,1.9209972337964984
4395,4.367009313651627
4396,5.0
4397,3.588301999252539
4398,3.3445986323644843
4399,5.0
4400,3.916272559741785
4401,5.0
4402,1.0
4403,3.9711826392746277
4404,5.0
4405,3.682255535530235
4406,3.785610421259714
4407,4.673697583397387
4408,4.6917818776316444
4409,3.757097576122044
4410,5.0
4411,3.851627080720456
4412,3.8342347722337324
4413,4.469329985729566
4414,4.423201976335208
4415,2.809515336874611
4416,3.91186085064094
4417,3.873456380663765
4418,4.890253206280304
4419,5.0
4420,4.247601117767259
4421,5.0
4422,5.0
4423,4.225622450401957
4424,4.581410180772321
4425,3.0051232237217533
4426,3.5605384808527445
4427,1.170166606687133
4428,5.0
4429,4.767221106845853
4430,4.341474864286796
4431,4.340572356926211
4432,4.361352676544242
4433,5.0
4434,4.407935549427508
4435,4.21865927811535
4436,3.935296811465202
4437,5.0
4438,3.561587127766187
4439,4.498236114587522
4440,4.022867923817489
4441,4.599772023807945
4442,3.38742507766095
4443,4.260148551818132
4444,5.0
4445,5.0
4446,3.7291130879890106
4447,5.0
4448,4.035143870076595
4449,3.9817171965830744
4450,3.701391984984036
4451,3.799855515317705
4452,2.238554526409862
4453,3.964392450518095
4454,3.852336934715812
4455,3.6022488968408686
4456,5.0
4457,4.080369989393175
4458,3.6933867359281223
4459,4.286741107088137
4460,5.0
4461,3.4051501597993825
4462,4.164703358407192
4463,5.0
4464,3.952694725449601
4465,4.05098909419465
4466,1.5552654707471445
4467,4.7470286038701905
4468,2.24295641613933
4469,4.424297602748319
4470,3.7890439840281367
4471,1.8339968748914117
4472,4.355890911149385
4473,3.437812643020825
4474,5.0
4475,3.7495402388633403
4476,4.293713311926408
4477,1.04948503152655
4478,3.9905091920710953
4479,3.839925875742951
4480,2.4737458178021408
4481,3.1763138294124253
4482,4.117802477223274
4483,5.0
4484,4.139566757957518
4485,3.8031530617741565
4486,5.0
4487,1.4059393321073081
4488,4.501741533324367
4489,4.7387338916080335
4490,3.7947412733610664
4491,4.924716732413607
4492,4.386657453960472
4493,4.512906314361054
4494,3.435741720524873
4495,4.15102204868219
4496,4.11589432741247
4497,4.947960796278743
4498,4.151742860492193
4499,4.124083937817623
4500,5.0
4501,3.8867936533713423
4502,1.5407719736033463
4503,1.9839443789226276
4504,5.0
4505,4.376471347660176
4506,4.103499770847146
4507,4.530020231984494
4508,4.935869378993358
4509,3.472416435407198
4510,4.2953925014784025
4511,4.352555722332641
4512,4.829135385684345
4513,5.0
4514,3.3476871700188973
4515,1.3520710004086514
4516,2.2380093285845533
4517,4.495984382674235
4518,4.664048177668516
4519,4.971084022957042
4520,3.3004497758779525
4521,2.2178734924291947
4522,4.7641951307225305
4523,4.995605541063636
4524,4.560672713175932
4525,5.0
4526,4.563628003974386
4527,2.6291202152833817
4528,5.0
4529,5.0
4530,2.5236143265949327
4531,3.143099854622407
4532,5.0
4533,3.584331058372091
4534,3.2846607231983826
4535,4.729518493481814
4536,5.0
4537,5.0
4538,5.0
4539,2.6556144263764967
4540,3.8918914645911817
4541,4.27759689959351
4542,4.76522575971235
4543,3.419995527642364
4544,4.744431771663096
4545,5.0
4546,4.877550973191248
4547,4.347095453240736
4548,3.647879823843263
4549,3.010180792577484
4550,3.33025551693777
4551,4.8894741939307425
4552,4.77171589708971
4553,4.805820969253294
4554,4.522135737500343
4555,5.0
4556,4.604181157679659
4557,4.5865220159469064
4558,4.476437880919537
4559,3.36660890105681
4560,5.0
4561,1.0
4562,5.0
4563,4.81814152059108
4564,4.024033520189034
4565,4.332671736852714
4566,4.863568916905994
4567,5.0
4568,4.87467721537951
4569,4.809000588494453
4570,3.746921031641013
4571,4.025487160788106
4572,4.552153932378302
4573,3.437602446771143
4574,3.4755678985584826
4575,3.060750476218025
4576,1.0
4577,4.203364904709921
4578,3.0339188006603575
4579,4.5010672089885455
4580,4.074394118823551
4581,4.649067311608255
4582,4.997591164037849
4583,4.685623160929932
4584,4.2476724310733065
4585,4.661205398361574
4586,4.99665063552533
4587,4.454411127737376
4588,4.025160418092678
4589,5.0
4590,4.54815077138702
4591,2.867521738813445
4592,3.8715311886656263
4593,4.380107261299209
4594,4.2540181998591775
4595,3.7013109706773246
4596,3.3081972022531154
4597,5.0
4598,3.8637073017474024
4599,1.8950947556612763
4600,2.939975809964108
4601,5.0
4602,5.0
4603,5.0
4604,4.028176349768083
4605,2.916348490718844
4606,3.6098636828896455
4607,4.475145976751727
4608,4.987391236345735
4609,3.794652144502234
4610,4.504551544532427
4611,4.290243143077554
4612,4.772894102440419
4613,2.771933644429195
4614,4.509796224421903
4615,4.530753450175483
4616,4.7890594156264585
4617,3.9418140034887124
4618,1.9688214089614346
4619,4.345377295717567
4620,4.754545972703187
4621,3.6392567320765767
4622,4.921093205564094
4623,4.199202798126281
4624,4.181610491447727
4625,2.5930138027347702
4626,3.906205117950387
4627,4.231260648327067
4628,5.0
4629,4.417017000308876
4630,3.562388643082634
4631,3.962390554467046
4632,4.700723268473202
4633,4.453388984629786
4634,3.952562417228636
4635,4.534837906358995
4636,4.3885778390268015
4637,3.9074911500023495
4638,4.233997605608664
4639,4.2769824280442705
4640,3.0504166963610144
4641,1.5778349850957296
4642,5.0
4643,4.548752076447256
4644,4.2396929659476355
4645,2.9880103381927476
4646,4.319836067354908
4647,4.31274739756173
4648,2.178682375347934
4649,2.333992503505739
4650,1.6043957601487508
4651,4.8567607770415515
4652,3.9472832162629894
4653,4.536390885847146
4654,3.3704027863490387
4655,4.2082787182746495
4656,4.30986486305984
4657,4.331865713243696
4658,1.3410518201822765
4659,4.352052199395828
4660,3.36396915886706
4661,3.389004312398815
4662,3.9000820978533133
4663,4.039936610202394
4664,1.0
4665,1.0588176429858074
4666,2.029168755683916
4667,4.683762304749003
4668,4.108897674771395
4669,5.0
4670,5.0
4671,3.9094824834705726
4672,3.3826738737133635
4673,3.918003485020134
4674,3.9637987894175364
4675,2.9677614932590504
4676,4.7472652273914075
4677,5.0
4678,5.0
4679,4.421680851708415
4680,3.9045973444343707
4681,4.281045232661889
4682,3.9728881885198684
4683,5.0
4684,4.314281765298763
4685,3.9018046772734127
4686,3.55436124571287
4687,3.053956594418579
4688,3.8117288544678023
4689,3.9947257235264084
4690,3.92168793879262
4691,3.796875838554448
4692,3.7860403372237066
4693,4.185032067517313
4694,5.0
4695,4.162099881925171
4696,4.423390086199987
4697,4.0331919630950726
4698,4.18050432925403
4699,4.509788722271092
4700,4.7565702775495025
4701,4.031145854626915
4702,4.355751176857654
4703,4.910736321099479
4704,3.178372786259708
4705,2.204416573617909
4706,2.715898267922448
4707,4.227815199165109
4708,4.145792775056113
4709,4.336343440182937
4710,5.0
4711,2.4812088430779506
4712,3.1017100273188234
4713,4.282661533107393
4714,5.0
4715,5.0
4716,3.462273259943529
4717,5.0
4718,4.67132807960618
4719,4.278014781069283
4720,4.851342819554454
4721,4.1338665664491305
4722,2.7801484590306695
4723,3.4834335480535756
4724,5.0
4725,5.0
4726,4.677303046029719
4727,5.0
4728,3.9662383489997697
4729,4.333830574577903
4730,3.532214390305109
4731,3.556811570271
4732,4.882531565195765
4733,3.051569483632182
4734,2.8325264787191213
4735,5.0
4736,3.4531542872241148
4737,4.349173237310391
4738,3.701050778844344
4739,4.228526681092066
4740,4.213108512060153
4741,3.419879394738304
4742,3.7103750438554304
4743,3.3739016866871854
4744,3.541250607427191
4745,3.9102281416004523
4746,2.8928652178935628
4747,5.0
4748,4.572247002431522
4749,4.635909839680329
4750,4.363027487667036
4751,5.0
4752,3.524739822745115
4753,4.940437661161054
4754,4.9340603012315425
4755,4.26694506453541
4756,5.0
4757,3.155962747110381
4758,4.4630051589849815
4759,3.1612016459220413
4760,4.689344816917885
4761,4.057746885002768
4762,1.6516546523061084
4763,3.280262052418761
4764,5.0
4765,3.9259383837607054
4766,4.416940593961537
4767,4.274692544040636
4768,4.666301935169438
4769,5.0
4770,4.363504327513929
4771,4.120135090719608
4772,4.7159699277520195
4773,4.019896505945783
4774,2.598241701660844
4775,3.473848711608335
4776,4.429449033715333
4777,3.901457708330323
4778,3.4725067282885274
4779,3.646077482637275
4780,4.268941284146708
4781,3.6723222975776038
4782,4.062725798154176
4783,1.998770070276902
4784,4.500805596500523
4785,4.595644825276724
4786,1.0
4787,3.5427168497445116
4788,3.912127200650258
4789,4.217793581906495
4790,3.1201838875866335
4791,3.8845331110651995
4792,3.4629976353512375
4793,5.0
4794,4.791340396286344
4795,4.912441012801479
4796,5.0
4797,3.8974132319559374
4798,3.5274562560656886
4799,4.685511847301509
4800,3.85191511067076
4801,3.9744109204340385
4802,3.703419521273497
4803,4.1727171416711455
4804,4.474015133249583
4805,3.8714780470786296
4806,3.4261820930168647
4807,4.99414690303009
4808,2.961070833084372
4809,4.568155753751038
4810,4.163899121476378
4811,3.4004283106384054
4812,4.504447598086592
4813,4.312347953265701
4814,1.8244479729928877
4815,5.0
4816,3.8627138199284934
4817,3.9216730099396657
4818,5.0
4819,4.504466335499846
4820,5.0
4821,3.19402558477195
4822,4.2210332889175355
4823,4.166221470926859
4824,4.0954497818645175
4825,4.237620333430313
4826,1.2636856390074929
4827,3.8776709549066615
4828,5.0
4829,4.168796787196953
4830,4.084626943903493
4831,4.249782492954644
4832,4.650757797172346
4833,4.851813744016997
4834,3.109292691732361
4835,3.6700859905856245
4836,4.736577849925059
4837,4.291154093044268
4838,5.0
4839,1.243109008483048
4840,4.615629400522828
4841,4.071987850137775
4842,3.6296441319571158
4843,3.348392271364775
4844,4.394017476932821
4845,4.919184657778607
4846,4.166658852057537
4847,3.069396285687737
4848,4.890884059479669
4849,5.0
4850,4.458882100870585
4851,5.0
4852,4.511412157536138
4853,3.191526568996894
4854,3.8052818775709167
4855,3.6135124310625555
4856,4.147887745067078
4857,4.231918083036352
4858,4.190628085455948
4859,2.2469551129113015
4860,3.739310745989639
4861,4.170099492978754
4862,4.03507489330936
4863,4.027219733498046
4864,4.372206658962833
4865,3.8753055075621763
4866,5.0
4867,5.0
4868,4.506257592090971
4869,4.127311639306925
4870,5.0
4871,3.8741600167639607
4872,4.762901153782016
4873,4.329673143886347
4874,3.914768047426736
4875,3.5002201811795532
4876,5.0
4877,3.2598065377833887
4878,4.885767455646773
4879,1.2540322022528951
4880,3.9018238779224315
4881,5.0
4882,4.285638433325882
4883,3.5152028781665807
4884,4.883586673649652
4885,3.8612582686718113
4886,3.8951637084340267
4887,3.9501869714016937
4888,4.839437247260842
4889,4.0452810739700515
4890,4.733892987301047
4891,4.578461990121625
4892,4.857792122080453
4893,4.337305486128766
4894,5.0
4895,3.5896529694357184
4896,4.1925577944825525
4897,4.641028997907887
4898,2.6433219713907787
4899,4.9550203216495925
4900,4.583442797909696
4901,4.281716569101122
4902,4.1664821797805045
4903,3.8160093791051035
4904,2.509799008074304
4905,4.613763836694309
4906,4.708582639449699
4907,4.362562460011894
4908,5.0
4909,3.2333867106041625
4910,4.216458068170215
4911,4.646515770240724
4912,3.7825855741534147
4913,5.0
4914,1.0
4915,4.746814829933985
4916,4.147418921824547
4917,4.487306776940908
4918,4.956104186488088
4919,5.0
4920,1.1089683822514926
4921,4.99710074786674
4922,3.5479209867289434
4923,3.9434058682996933
4924,2.1776517943596896
4925,5.0
4926,3.7569673813805813
4927,4.172528094270136
4928,4.606377130872765
4929,3.3614913676530005
4930,4.281896799758935
4931,4.216090057152165
4932,4.799614192466057
4933,5.0
4934,4.568354628263811
4935,4.923938604782498
4936,5.0
4937,5.0
4938,5.0
4939,4.714339647371819
4940,3.0557445763141216
4941,4.068968197659224
4942,4.757382210817221
4943,4.961736935984281
4944,3.666790209742932
4945,4.910860581804985
4946,3.594082279305334
4947,4.028059082293737
4948,3.5502127384591615
4949,2.2008242795304342
4950,2.9480443718528515
4951,5.0
4952,3.654737935866226
4953,5.0
4954,4.098057557689134
4955,4.632815551070665
4956,4.476069635711935
4957,1.2751749971028845
4958,3.7844139527905423
4959,3.8730041669694195
4960,3.7156318157167845
4961,5.0
4962,4.720908405546085
4963,4.497650730730855
4964,1.1358157367073487
4965,2.997702914660787
4966,4.692479912585747
4967,5.0
4968,5.0
4969,4.1248606417605576
4970,5.0
4971,4.457924324698887
4972,3.1675221035822405
4973,4.612248306155839
4974,4.888428656407789
4975,4.440698617988283
4976,3.933297945337251
4977,4.497367136691132
4978,4.734378373913653
4979,2.881626470668687
4980,3.1023104622639117
4981,4.417281221884385
4982,4.48226499568815
4983,4.595725306570706
4984,4.0538412903674725
4985,4.916396531080392
4986,3.8412135415262263
4987,3.3857049640945767
4988,4.848510807725858
4989,4.727879308458589
4990,3.399200654340416
4991,4.2378091525309705
4992,3.9154229654626587
4993,2.2032776331228847
4994,3.6390602305278863
4995,3.484428256365246
4996,4.797751346662205
4997,5.0
4998,3.8642122827469665
4999,4.6488190513235725
5000,3.2534437079377536
5001,4.947854130374598
5002,4.186005141484758
5003,4.466688353150188
5004,4.339392995129955
5005,4.215218375332359
5006,1.0325899174892736
5007,4.3620881870049315
5008,4.288028657473508
5009,4.878499348236078
5010,4.371417169655161
5011,1.5860191746311036
5012,3.8561897594448573
5013,5.0
5014,5.0
5015,4.519398686472247
5016,4.584635004557275
5017,3.8504239056967684
5018,3.7863833774380318
5019,4.614356293806131
5020,4.4063592361456685
5021,3.5106487633078034
5022,4.54336503484027
5023,3.97461651454678
5024,4.628205505242999
5025,4.336734263410131
5026,4.545311561789992
5027,5.0
5028,4.042756986552286
5029,4.8051435460014424
5030,2.541104113366674
5031,3.482603904464031
5032,5.0
5033,4.625460771322873
5034,4.660047628345448
5035,4.1680859265006305
5036,3.0940412220079168
5037,4.307182071633631
5038,4.418270761018359
5039,4.900923848259549
5040,3.4195835829840044
5041,5.0
5042,4.940697653496813
5043,3.4098828793711338
5044,4.126114683721681
5045,2.6950705534841677
5046,4.1121658545288655
5047,4.306939709795637
5048,1.7119227132028176
5049,3.7108923064660826
5050,3.680537544377499
5051,3.831635972146275
5052,4.683505373622974
5053,4.999952948959697
5054,2.800330643143929
5055,1.2695335421977627
5056,5.0
5057,4.967360015552745
5058,3.711132379995018
5059,4.560310590012356
5060,4.162407264561237
5061,3.343195037832693
5062,3.8184831017250165
5063,4.299225144116208
5064,5.0
5065,3.2827321718693594
5066,3.7053903561808736
5067,1.0
5068,4.137526859732832
5069,2.2836404634296454
5070,4.400746408684049
5071,4.240826887348222
5072,4.574865279526969
5073,1.4735633022798682
5074,4.377291276049814
5075,4.692749194354485
5076,3.699974794356792
5077,4.412925205384123
5078,4.304722636528581
5079,2.458077063933476
5080,4.010871962855374
5081,4.347486860633719
5082,4.465215091431687
5083,3.9593073693150664
5084,3.0002931426107207
5085,4.413290401333157
5086,4.825751658138704
5087,3.9367628028741457
5088,5.0
5089,4.251569400575472
5090,5.0
5091,4.638203123652048
5092,3.819548275957962
5093,3.4547735218796065
5094,4.709128720044743
5095,4.40711912312011
5096,4.858668560925672
5097,5.0
5098,4.282689064310607
5099,4.201357496708686
5100,1.629396394650769
5101,3.2410773177894354
5102,2.994275210768898
5103,1.3451154845267124
5104,4.098352458009375
5105,4.060865230721567
5106,4.267473989138004
5107,3.47924651593058
5108,3.1342001336703325
5109,4.631219490817131
5110,4.845617550642967
5111,4.436385433974091
5112,4.236108077993987
5113,3.6503908737471953
5114,4.122787447986338
5115,4.472771712126421
5116,3.9671063102272996
5117,3.0385143432005863
5118,3.4702070448334874
5119,5.0
5120,3.991559934508364
5121,2.458949473921678
5122,4.369265676502228
5123,5.0
5124,4.229795196358569
5125,3.989588751343783
5126,4.7438559802757085
5127,3.5024221069424715
5128,4.947136455726225
5129,3.9062970558415824
5130,4.609737291417831
5131,4.727002958507534
5132,1.0
5133,4.287133014646674
5134,5.0
5135,3.1098554393159077
5136,4.316831042566476
5137,3.8943445314510665
5138,3.4508050796225302
5139,3.9863981244218056
5140,4.052010411341021
5141,4.043548529792519
5142,3.797318931313291
5143,3.3970696055956457
5144,1.8955594051651041
5145,2.8175800680578598
5146,4.320055380114171
5147,4.469948713840112
5148,4.386379461539068
5149,3.8554949166192847
5150,4.810873427717375
5151,3.245911969430625
5152,3.0079732855327013
5153,1.9459398730758601
5154,1.4126192411049936
5155,2.916234908906322
5156,3.889246351139631
5157,3.027379402945436
5158,4.807444737029999
5159,3.9415088367283904
5160,4.8044881704092175
5161,4.670363829652486
5162,3.968835378757147
5163,3.176965543052521
5164,4.256287549067794
5165,4.753035025502904
5166,1.1998043443747108
5167,3.803566865090907
5168,4.455074786338669
5169,3.3373161069382515
5170,1.0
5171,3.9688330982485915
5172,3.4390173540693003
5173,5.0
5174,5.0
5175,4.275351543352359
5176,4.417249214589274
5177,3.8276037379067684
5178,2.857972428723871
5179,3.7445760492240874
5180,4.173696745655546
5181,4.667571020672293
5182,4.67860689058423
5183,4.516170845530888
5184,1.7340403047859145
5185,4.339902531229512
5186,3.0681055338418584
5187,4.409475522468222
5188,2.137770281448507
5189,4.6352384432445755
5190,4.021366920352294
5191,3.842504693416025
5192,4.472561408095652
5193,2.537130027505163
5194,4.929327412562157
5195,4.069560444718058
5196,3.3022867697771683
5197,4.741505003201446
5198,1.10083360868608
5199,3.705982527914019
5200,4.107487314786138
5201,2.8077226444228263
5202,4.264691057173499
5203,5.0
5204,3.736305222201437
5205,4.143191118074036
5206,4.342456187589115
5207,3.9842329905767704
5208,1.0245127903434215
5209,5.0
5210,3.5883220480272895
5211,5.0
5212,4.881693831433261
5213,5.0
5214,4.210176956357445
5215,3.9084051379201257
5216,5.0
5217,5.0
5218,3.8543614895534253
5219,3.84189542085221
5220,3.580975229403393
5221,4.175012205507162
5222,2.878182571180604
5223,1.7817592706785785
5224,2.384472658091754
5225,3.5688230943179784
5226,4.4253714264558095
5227,3.2841688141898135
5228,4.3815869104812855
5229,4.214543358867846
5230,4.53826905983318
5231,2.1170232839430514
5232,3.255150463311164
5233,4.88616486784914
5234,4.071038282195114
5235,3.8044983284110963
5236,3.4098608360396248
5237,4.329354875483571
5238,5.0
5239,3.0071049595064743
5240,3.6954247652573247
5241,4.091917454779188
5242,4.739824679387182
5243,4.979389005044684
5244,4.578935855474268
5245,4.700886840211658
5246,4.206087109794371
5247,5.0
5248,4.281902358694807
5249,4.575603610092954
5250,3.7697491681422983
5251,4.270052262185707
5252,4.1146578969067
5253,3.9104950539485213
5254,3.3457393744255626
5255,4.527823637637291
5256,4.143941660661907
5257,4.349014441818057
5258,4.694807032909023
5259,4.262474732184357
5260,1.2702751060847366
5261,5.0
5262,4.896291487438352
5263,3.93529422646732
5264,5.0
5265,1.0555723587437071
5266,4.2730553319901485
5267,2.64451104917418
5268,4.279290812721677
5269,2.847431179200399
5270,4.136524010351964
5271,2.644484201725922
5272,3.3251542733451163
5273,1.3893246114450328
5274,1.4622198812320866
5275,3.941507235122042
5276,4.17255200993244
5277,4.760166217063951
5278,4.786263372520156
5279,5.0
5280,3.999659745316916
5281,4.390379665385745
5282,2.3200058747643926
5283,3.683840703347239
5284,2.5073255486814543
5285,3.429852953511573
5286,2.225925370957116
5287,4.420241715163538
5288,4.955286887914549
5289,2.9324897181797605
5290,4.010857639312238
5291,3.527053520007166
5292,4.869354276171823
5293,4.093098982648266
5294,2.372457058332562
5295,4.061403215653044
5296,4.5459392352361006
5297,3.354447169637782
5298,4.652704591940742
5299,2.3710395082713696
5300,4.013215444448807
5301,2.0674980103918417
5302,4.450056050338379
5303,4.349785586872169
5304,4.060421847054082
5305,1.2230450471418717
5306,3.1058381044205685
5307,3.9105714433413397
5308,4.264362189722118
5309,4.233766379304065
5310,3.79381968637949
5311,4.824551831917023
5312,3.4792771484847185
5313,2.8756814970605546
5314,4.521164651914705
5315,5.0
5316,4.75727837773221
5317,3.0675328102056865
5318,3.4525262966841828
5319,3.8475488986973905
5320,3.5855650864686295
5321,4.757314172835191
5322,3.1789498037730706
5323,4.793889605618973
5324,4.37861767360224
5325,4.286638287731959
5326,3.668995115382465
5327,3.8133224406756763
5328,4.769511002003418
5329,4.337991403391373
5330,5.0
5331,3.1051113997956516
5332,4.287653389569359
5333,4.035367231500993
5334,4.5891348844387085
5335,4.102321474540176
5336,4.719554791831939
5337,5.0
5338,3.9779527053956203
5339,3.4784637181052815
5340,3.8883311666856484
5341,4.014257844692995
5342,4.413615507368726
5343,2.214941804984725
5344,4.624568246239487
5345,3.9585824815606236
5346,3.3915961358820104
5347,5.0
5348,4.243439239527944
5349,3.523734932825174
5350,3.662121508063303
5351,4.531840178148579
5352,4.247900406571405
5353,3.9547868105773816
5354,4.947645082868204
5355,2.079193481549051
5356,5.0
5357,3.9542942248121724
5358,4.883652008152014
5359,3.006001988116073
5360,4.176216706007367
5361,4.852377383949097
5362,3.9222805447160405
5363,3.9971233176540433
5364,4.775697835939399
5365,3.998890782515316
5366,4.635903572567252
5367,2.194714255031755
5368,4.721900787409716
5369,4.3225821705528675
5370,2.390335288029532
5371,4.312124579408859
5372,4.65013271247464
5373,1.9262660285582658
5374,3.8968545832703567
5375,3.6657279487770453
5376,3.9720125386220912
5377,4.310683996794863
5378,5.0
5379,4.240397773494275
5380,4.671808959852579
5381,4.274080108524925
5382,2.043447316817269
5383,1.2673529406446629
5384,5.0
5385,1.1689095220277477
5386,3.1753985842363583
5387,4.6877396743967825
5388,3.782760760214767
5389,3.0245742309331805
5390,5.0
5391,3.3219102698011644
5392,5.0
5393,2.7911619293128807
5394,3.731655684421489
5395,2.7722965804189315
5396,4.551003161690359
5397,5.0
5398,3.0839765810505426
5399,4.013277736937712
5400,4.850352738601506
5401,4.0996977134259645
5402,5.0
5403,3.6104005286978387
5404,4.3400702729712535
5405,4.224929639004416
5406,4.690171516419161
5407,3.9719771791112364
5408,4.3677918550162085
5409,3.9658577112214326
5410,3.991007793373033
5411,5.0
5412,4.492593922507652
5413,4.203967398024999
5414,4.507445585908209
5415,4.124662823830814
5416,5.0
5417,4.738025834558174
5418,5.0
5419,4.04389390065676
5420,4.119530221206046
5421,5.0
5422,5.0
5423,2.2246567957774
5424,4.035333848556026
5425,5.0
5426,4.061875288203974
5427,4.597815989953853
5428,4.323005436498506
5429,4.902475709768689
5430,4.131138376218073
5431,4.6865086360629995
5432,5.0
5433,2.3066982318226152
5434,4.463345961488249
5435,5.0
5436,4.175880238020309
5437,4.9064733438772175
5438,3.597919849491987
5439,3.094735211255209
5440,3.4868857886773066
5441,4.288127081513367
5442,4.540249086215787
5443,5.0
5444,3.513384440073419
5445,4.506186629745249
5446,4.9488844470871935
5447,4.2047532772301714
5448,3.7688829855336845
5449,4.661044948562836
5450,4.844044527250466
5451,4.3886725564408176
5452,4.360067217133618
5453,4.547518741538216
5454,1.8895190686598797
5455,4.261586695780759
5456,3.2750211097072643
5457,4.035438518838652
5458,2.2156589493888026
5459,3.1685987433451985
5460,1.0454402737874882
5461,4.696773665809484
5462,4.30247266268974
5463,5.0
5464,4.193609172226266
5465,3.221616872359325
5466,1.0
5467,5.0
5468,5.0
5469,2.0393746555121517
5470,3.420947521569843
5471,2.024618686510989
5472,4.629174737808816
5473,3.3250132776968027
5474,4.112652423544627
5475,3.301673120906833
5476,3.039948169446218
5477,4.3250735698824725
5478,4.480817013790451
5479,2.3889516959370636
5480,4.4505992352287205
5481,4.740075476526251
5482,4.708450755049959
5483,4.140868369638001
5484,4.200732001651712
5485,3.159103464162844
5486,1.0
5487,4.410537394315955
5488,4.314577417749318
5489,2.551797420560728
5490,3.0517871609411777
5491,3.3363792232124183
5492,2.773688523334565
5493,3.819313379432809
5494,4.873204284872989
5495,4.994706563339285
5496,4.44343684686331
5497,4.548939269986754
5498,4.090911574925429
5499,3.902361547227046
5500,4.3269243893387825
5501,3.723887224104409
5502,3.2344572604124995
5503,4.5698985519216055
5504,2.189805840653745
5505,4.712734870634204
5506,3.9850034401159666
5507,3.2645470858199284
5508,4.956380797805209
5509,3.4821513599169274
5510,4.234456593589309
5511,3.6040666959576244
5512,4.718123480515942
5513,5.0
5514,3.6402730808039863
5515,4.885175820829042
5516,3.726620840556812
5517,5.0
5518,3.616569271284962
5519,4.443243866786423
5520,3.9362602885726594
5521,4.575797286587968
5522,4.451902922061739
5523,4.663828674840712
5524,3.188321265961114
5525,3.8197611788330343
5526,3.33997373102417
5527,1.361919029705034
5528,4.330391589682521
5529,4.115754265740115
5530,4.307023267420157
5531,3.7518289795982547
5532,4.285004142295889
5533,3.3093198933410113
5534,5.0
5535,1.8921878775618528
5536,5.0
5537,4.249642127103679
5538,3.7538655795911824
5539,4.464154961631177
5540,4.184550742812465
5541,4.585694633854462
5542,3.2425622372393637
5543,3.956074928638493
5544,2.836736922504375
5545,4.3118333182128135
5546,4.097643458136901
5547,4.421672787489822
5548,5.0
5549,4.80225188231837
5550,3.558880371210725
5551,4.823231014505795
5552,4.62580891294725
5553,3.116608897789188
5554,4.821177268701923
5555,4.307091907618103
5556,4.9231926694362445
5557,4.841118621639571
5558,4.870265479370927
5559,4.412688355547215
5560,2.1880660577062385
5561,5.0
5562,3.9629621043137364
5563,4.775554815502278
5564,2.9921082853850844
5565,4.660205247605015
5566,5.0
5567,4.954088705634528
5568,2.6216484187628475
5569,4.470619302407128
5570,2.1502709999655982
5571,3.5934581129805334
5572,4.956405101880322
5573,2.2083914689221427
5574,4.271946883422663
5575,4.518393187588648
5576,3.756226082946355
5577,5.0
5578,4.20254416823853
5579,4.5864286970414945
5580,4.137164052658811
5581,4.411160184568092
5582,2.434184689076261
5583,4.473681576325746
5584,4.212410673756193
5585,4.053854976145751
5586,5.0
5587,4.2452878673274075
5588,3.266464904265993
5589,4.6797019627842795
5590,4.778083684202183
5591,2.9453201085420546
5592,2.628770418530139
5593,3.606380801126064
5594,5.0
5595,2.8792013697871957
5596,3.8705398009790506
5597,5.0
5598,3.8191458770465445
5599,4.920946212428623
5600,4.6700906343434845
5601,4.6560327983549445
5602,5.0
5603,5.0
5604,4.017900413438804
5605,4.978869087898182
5606,3.6800319299292767
5607,2.831989072222005
5608,3.986004509965069
5609,4.770166026914178
5610,4.903006726767249
5611,1.0
5612,5.0
5613,3.3546740560575987
5614,3.963901471780848
5615,2.9233456088737793
5616,4.348161695376584
5617,5.0
5618,3.8046254950163787
5619,5.0
5620,4.932108092898453
5621,3.9697299021548598
5622,3.604036090543844
5623,4.658121454180788
5624,3.7580511223703272
5625,1.0
5626,3.9178653860816848
5627,4.861278206441847
5628,5.0
5629,4.51853575890544
5630,2.505746626662884
5631,5.0
5632,1.5627854744961365
5633,5.0
5634,2.1392432350896935
5635,3.327556304462652
5636,4.786560142207489
5637,3.754142125549712
5638,4.1387932712650795
5639,1.932575513241022
5640,1.0
5641,4.406183975073098
5642,1.8054787623879032
5643,4.783891595723789
5644,4.381239989431173
5645,2.2039030960746757
5646,4.359290505075066
5647,4.561895267553993
5648,4.885437420724799
5649,3.979207358566887
5650,4.1388384557510545
5651,4.580486904364824
5652,4.226401673887283
5653,1.924930598515639
5654,5.0
5655,3.500439812011305
5656,4.08181813401009
5657,4.117299261323038
5658,4.506975807459616
5659,4.093585670914292
5660,3.1315061645636204
5661,5.0
5662,1.516255522460363
5663,5.0
5664,4.254939276920592
5665,1.7416010412624148
5666,2.437934864836256
5667,4.607168269887041
5668,5.0
5669,4.683962778167697
5670,4.74592459753764
5671,3.9246608360353434
5672,3.918634464929216
5673,3.887155933017463
5674,5.0
5675,4.14002098665023
5676,4.818559698617003
5677,2.9812874596070618
5678,4.47492805179176
5679,4.51403307572189
5680,5.0
5681,3.2019312272144425
5682,5.0
5683,4.881353316122732
5684,3.006324255999189
5685,3.8087570948573433
5686,4.267786854766234
5687,2.2061445960304136
5688,3.940643631751684
5689,3.676172484991931
5690,3.6417720347985196
5691,3.721050923051095
5692,1.8505976656288006
5693,3.6939140214227115
5694,4.557283957982365
5695,4.312991843151009
5696,4.073660309457667
5697,3.9083102995682664
5698,4.988807010544458
5699,2.9084979109965436
5700,2.9308106918104393
5701,5.0
5702,5.0
5703,3.8634396984135995
5704,4.2997200467298
5705,2.076598401525465
5706,3.8850281999257783
5707,2.7580374908880376
5708,4.622028654719005
5709,4.036215471721612
5710,5.0
5711,4.619579323765286
5712,5.0
5713,3.687438096162043
5714,4.738377475986561
5715,3.293996971979798
5716,3.5732267248941914
5717,4.175847116653441
5718,3.970555449824965
5719,3.9746467397082443
5720,3.799752624924598
5721,4.6043911431935145
5722,3.342416195207683
5723,1.7516813270276486
5724,4.543298346460354
5725,5.0
5726,3.166872644360912
5727,4.6801907255290605
5728,4.4927893620297406
5729,4.249890998684134
5730,2.4249991870964753
5731,5.0
5732,4.4736203765218185
5733,4.674406788961333
5734,3.097882099978413
5735,4.538805900518478
5736,4.570395709513031
5737,5.0
5738,3.595889587217008
5739,2.5805960858058246
5740,3.622718913388764
5741,5.0
5742,3.7455261060243275
5743,4.296697965527818
5744,5.0
5745,4.304192929374651
5746,4.458977913220966
5747,5.0
5748,4.274374457903874
5749,4.775688987871833
5750,4.933306802442059
5751,4.041133362472899
5752,2.3577184681568326
5753,5.0
5754,4.322013532853414
5755,1.8986397145840601
5756,5.0
5757,2.804239763052304
5758,1.5753832012779676
5759,3.904289354207835
5760,3.5171636705195963
5761,5.0
5762,3.4483678153682273
5763,3.433247960203654
5764,4.017552176654023
5765,3.705873651238389
5766,4.475487678067814
5767,4.251724598565331
5768,2.280705176371327
5769,4.884200239239016
5770,2.3329837343815636
5771,3.752911919280857
5772,4.544663195401205
5773,4.548170389347481
5774,1.9817300549803203
5775,4.777362808761665
5776,3.9676348324285127
5777,2.1330121464153287
5778,3.891158489031838
5779,4.408620446741572
5780,3.8818106697750085
5781,2.857283796975577
5782,3.200269098237428
5783,5.0
5784,4.762578342371143
5785,5.0
5786,4.901627077153935
5787,4.9673512222402625
5788,4.364736438056733
5789,3.392937088540236
5790,4.301781927675648
5791,3.5491603365578914
5792,2.910997775984894
5793,4.291613113175557
5794,4.542566596300918
5795,4.852099723312571
5796,4.3829819722492
5797,2.1283195056990754
5798,2.7608106746813807
5799,1.0946608731366199
5800,4.255507264666802
5801,4.209164885225487
5802,3.470677634466642
5803,3.342342336035967
5804,4.183302832218518
5805,1.2732681979335256
5806,3.5486695820881153
5807,1.0
5808,4.2373339700497645
5809,3.8969461207475136
5810,2.701666128942284
5811,2.4991261682467294
5812,4.381462022609461
5813,5.0
5814,3.9876724239247086
5815,4.161483012064285
5816,4.61278578471175
5817,5.0
5818,4.9483827254863
5819,2.582678575638144
5820,4.422503503354718
5821,4.933089148576245
5822,1.9179711050116697
5823,4.587590578541759
5824,4.964318000689498
5825,4.863836547657672
5826,4.68512431389596
5827,5.0
5828,5.0
5829,3.7128322155974223
5830,5.0
5831,4.041821987521485
5832,4.737706285373805
5833,4.952355964483969
5834,4.178896600177417
5835,1.0
5836,5.0
5837,3.5701596152128507
5838,4.1845094005994
5839,4.603645960924622
5840,3.1182936959758547
5841,4.1556423620176
5842,3.968331624776143
5843,3.9347894552850655
5844,2.941586017273064
5845,5.0
5846,4.723348100314863
5847,2.8974825630920575
5848,4.103139168835751
5849,4.105177795221051
5850,3.9652927892521674
5851,4.7256271675072465
5852,3.8568867916629617
5853,4.403781479556701
5854,5.0
5855,2.769529414498864
5856,4.469106927115404
5857,4.271409163946786
5858,4.4573623362969474
5859,4.150120201550569
5860,4.933142344243176
5861,4.8530541928704025
5862,4.39049940696879
5863,4.473856247147903
5864,1.4407472379654256
5865,4.139578345545388
5866,3.6176178940923167
5867,4.356072841661511
5868,2.5021015675531157
5869,5.0
5870,5.0
5871,5.0
5872,5.0
5873,4.386283240022398
5874,3.5737887938120005
5875,4.349966171858311
5876,4.461450128980827
5877,1.0
5878,4.97571392938189
5879,4.517850054316119
5880,1.5779950535787748
5881,3.764653765110082
5882,4.007194240427423
5883,4.4134426772117115
5884,2.146611888953184
5885,3.994224380706953
5886,2.013873617477028
5887,4.636059904428421
5888,4.135318262099928
5889,4.605498757158589
5890,3.933646659466901
5891,4.5310780938182065
5892,3.7758191020321186
5893,4.4171037117114444
5894,3.0933137687134087
5895,4.331841275688753
5896,3.589621776477096
5897,3.1089155794447723
5898,4.657012350137549
5899,4.748426772206483
5900,5.0
5901,1.9059439183396052
5902,3.171303191922199
5903,4.142239625389171
5904,4.14795420773384
5905,1.6567805848459896
5906,3.148953174186682
5907,4.232479660547152
5908,2.3879855786097104
5909,5.0
5910,3.602100456479362
5911,4.988995672686445
5912,5.0
5913,4.13766086543382
5914,3.4369408555399756
5915,4.1902890415421705
5916,2.34542837208598
5917,5.0
5918,3.721761871421913
5919,4.070127664647703
5920,3.6296804885168585
5921,4.611207892621833
5922,3.983641368783165
5923,5.0
5924,4.349806658833268
5925,4.629259516727173
5926,1.3568308925994028
5927,3.543823284552177
5928,5.0
5929,4.1056719009022995
5930,2.5845721858824877
5931,3.264672153188081
5932,3.903199456093411
5933,3.9989500946108887
5934,3.927111003924246
5935,3.812346064456163
5936,3.612387217333028
5937,4.341109188366943
5938,4.567692178910558
5939,4.894245470565929
5940,4.244581315567363
5941,4.455197104657251
5942,4.957454776208491
5943,4.23712745745358
5944,4.191404708916353
5945,4.251731553610467
5946,3.7077618349289603
5947,2.6342592842286594
5948,4.336319494214594
5949,4.896215741067301
5950,4.1538883131770294
5951,3.0310151543705084
5952,4.665408411530419
5953,3.026296089801071
5954,3.7605777306291306
5955,4.408691131769274
5956,4.958692592737444
5957,2.7094039231154134
5958,4.91062401435935
5959,3.784681279943455
5960,5.0
5961,4.3870463434533855
5962,4.040248675907457
5963,3.0657908793180484
5964,3.664595021632236
5965,3.4155048916647286
5966,4.481774712022016
5967,3.9171552271733017
5968,3.932154092530504
5969,3.7378638205022225
5970,3.5554163108471957
5971,5.0
5972,3.061627699424193
5973,1.2204686738098371
5974,3.9815075870987324
5975,4.376720520544305
5976,3.967007671014096
5977,3.702955343169956
5978,4.678871648334742
5979,3.9930766613823176
5980,4.883916480587198
5981,3.3853112289167036
5982,4.434723976818289
5983,3.83894031779861
5984,3.9847987098591995
5985,3.95385556622361
5986,5.0
5987,4.813476523449505
5988,4.070784469494085
5989,4.229483951714241
5990,5.0
5991,3.6185420163697657
5992,3.307223758447775
5993,4.344859570600662
5994,3.9101835805685012
5995,1.7240573482544388
5996,3.0198123758486575
5997,5.0
5998,4.349880327284441
5999,4.596145638643521
6000,3.4978736231875436
6001,4.607513034475029
6002,3.8424284385436636
6003,2.683299818263092
6004,2.537342854777557
6005,4.5412272986589635
6006,3.7305906056226923
6007,4.653496964633445
6008,3.661553202422259
6009,4.959357780430354
6010,3.1547934635952455
6011,4.490866494213737
6012,3.7313675460469833
6013,4.909813675392087
6014,1.979758793181048
6015,4.525146034914861
6016,4.431385532056935
6017,4.405184956900651
6018,4.672816465270115
6019,1.5526181705090356
6020,3.1041491319793444
6021,5.0
6022,2.583155850376052
6023,5.0
6024,4.3895383821651315
6025,3.7237543856916666
6026,5.0
6027,3.749199058716022
6028,3.9220011869358316
6029,4.466688073579336
6030,3.489062541209135
6031,4.66378669554735
6032,3.5744990312227483
6033,4.127934867121239
6034,3.3057925655326335
6035,5.0
6036,3.3330429181722865
6037,2.691880827218215
6038,3.8104822987444846
6039,2.1991260198433857
6040,4.4962929190472884
6041,4.322255269846127
6042,5.0
6043,1.001528834467404
6044,4.556768462349828
6045,2.057865854944331
6046,4.821374978480377
6047,2.123261394422428
6048,4.309182700502203
6049,3.9752615682276
6050,4.916335386056396
6051,5.0
6052,4.0427519914535015
6053,4.6131555468992875
6054,4.599900739110916
6055,5.0
6056,4.542095437456144
6057,4.082802179212782
6058,5.0
6059,2.750602631254718
6060,4.2946629161909335
6061,4.131475086777546
6062,4.75224026791148
6063,5.0
6064,3.609365123385503
6065,4.511902031264955
6066,4.225382120234373
6067,3.1072139503557823
6068,4.478990154889489
6069,4.766304537649197
6070,3.4203956868482175
6071,4.536274774093654
6072,4.684433474627967
6073,3.665487637548688
6074,2.543152828660551
6075,4.343401526082859
6076,4.258633657349859
6077,4.448009244911678
6078,3.868178581716007
6079,2.3529670795941895
6080,3.9928054313542165
6081,4.445478215648712
6082,3.3068921363575483
6083,2.756978780236053
6084,3.1568210364338745
6085,5.0
6086,3.5808043277119324
6087,3.680770521704617
6088,2.044054334960545
6089,4.443864735026758
6090,4.139870457574523
6091,3.9548467765385737
6092,4.278819469971692
6093,4.695544116070007
6094,4.449460353044426
6095,4.191596882065861
6096,4.830179530547745
6097,4.38043445952581
6098,4.516270919299145
6099,4.506304587843551
6100,4.952174891927108
6101,4.5277621894341475
6102,3.9382795672738875
6103,3.589341096013267
6104,3.5462600179259858
6105,3.065738637076288
6106,4.497527638455322
6107,4.041374522318213
6108,2.679698017761684
6109,3.71811054694269
6110,3.954480488122471
6111,2.9159031070995103
6112,5.0
6113,4.948956257456917
6114,5.0
6115,2.5464402296835376
6116,4.713440634985324
6117,4.967032623802701
6118,3.448030599066193
6119,4.792603652137133
6120,5.0
6121,4.4468891048736845
6122,2.278909082080429
6123,4.728964147321652
6124,4.188195028412652
6125,4.175123405434518
6126,4.985629496400863
6127,3.799158719249497
6128,4.1469124310067
6129,4.787912915139099
6130,1.625433964631144
6131,4.869151124851582
6132,4.843321342004149
6133,2.410975643549147
6134,1.0
6135,3.7277935482359963
6136,2.955934185341371
6137,3.5490434836197986
6138,4.327271668506098
6139,4.568661498456122
6140,4.263808780676584
6141,3.3519208821630766
6142,3.885164026416781
6143,3.9705169588082994
6144,3.417590484870427
6145,3.6782959709516287
6146,2.092469977455737
6147,4.699661525193856
6148,5.0
6149,4.233560501312869
6150,3.9965439453942846
6151,1.4075830587194849
6152,4.00279845452815
6153,5.0
6154,4.724077196936227
6155,3.5250652888754193
6156,3.3180637484248203
6157,3.7618201159820024
6158,4.0113077958007075
6159,4.5661944184153285
6160,4.9661255227263545
6161,5.0
6162,2.496800501047347
6163,3.6081519917502822
6164,4.212497331870576
6165,4.34048019014534
6166,4.661765266290147
6167,4.479847124856216
6168,2.9715157485838883
6169,5.0
6170,2.3510386494955746
6171,5.0
6172,3.9837846647428807
6173,4.800001171220391
6174,5.0
6175,4.365943641000458
6176,3.7462276661302027
6177,4.8502619499195045
6178,5.0
6179,4.839096508862639
6180,3.3096236076333385
6181,2.1911997243336363
6182,2.3606046177229394
6183,3.9978422513548284
6184,4.172928786856484
6185,5.0
6186,4.290365347012841
6187,3.0464868483437435
6188,4.708505299345449
6189,4.205826858951937
6190,3.2653182223300603
6191,5.0
6192,3.9858989195954218
6193,1.3620812574699972
6194,3.832495585423158
6195,4.1533028347792005
6196,5.0
6197,5.0
6198,4.188625594837942
6199,4.554729955596804
6200,4.43990318720811
6201,5.0
6202,2.8499741892361703
6203,4.877107774830281
6204,5.0
6205,2.027175309801483
6206,3.385724725770407
6207,2.7414092192523434
6208,5.0
6209,4.684464769098384
6210,2.91999485927093
6211,4.746559292357318
6212,4.400269663418933
6213,4.995120388031114
6214,1.9003187110247097
6215,4.441659398239268
6216,1.0
6217,5.0
6218,4.559821243227524
6219,4.024188642076081
6220,3.9876712005919326
6221,3.7175473717239402
6222,1.509717167780114
6223,3.9935135334672025
6224,4.066931137268356
6225,5.0
6226,4.9894689358346325
6227,4.818770861682726
6228,2.9367327907030587
6229,4.274570629590873
6230,3.542167839812932
6231,4.009745958981862
6232,3.398933471682288
6233,4.828296366632825
6234,1.0
6235,3.7967054598693593
6236,4.978363172998344
6237,3.2214453850094706
6238,4.343563014264536
6239,4.6987434730398165
6240,4.092424126345961
6241,3.900017122947875
6242,4.731026576362199
6243,4.7218966084936635
6244,4.131542190165992
6245,2.9012338289139574
6246,3.0398270708145576
6247,4.577891932661784
6248,3.9475687477750325
6249,4.514694879789045
6250,3.4041686416872388
6251,2.906817168322349
6252,4.342556232384613
6253,4.252106946104304
6254,2.8855222808091407
6255,4.44314778659526
6256,3.9033589685777548
6257,3.6505916507632064
6258,4.765884181093601
6259,3.463012547105257
6260,4.594303950917845
6261,4.021051401642054
6262,4.303314209434712
6263,3.4425519800351747
6264,3.202279911124479
6265,5.0
6266,3.6127014753739597
6267,1.9598936279628056
6268,3.4917848017416935
6269,3.6253979862016052
6270,5.0
6271,4.314802461936099
6272,2.1103326990391578
6273,3.5453240682970453
6274,4.010980778750459
6275,4.0296836509190905
6276,4.977172494226005
6277,4.198784401542417
6278,4.01202703902612
6279,4.142859888960676
6280,4.83323693009072
6281,1.4462732503743978
6282,4.286892314958021
6283,3.031009927218484
6284,1.0
6285,5.0
6286,3.1067835818491636
6287,3.7928226557295766
6288,2.92306700246957
6289,3.7130192854665958
6290,4.364112889599383
6291,2.676151598369937
6292,5.0
6293,4.283223397439172
6294,3.1489094350857663
6295,5.0
6296,3.1494465627242114
6297,3.446596138742904
6298,4.866742950912801
6299,4.250347764832965
6300,4.2524860208531745
6301,3.302099684759405
6302,2.8130541329254957
6303,2.7350134186885144
6304,4.352358221944251
6305,3.3545269086498823
6306,4.542405391096967
6307,3.622437017521774
6308,5.0
6309,4.515497359437228
6310,4.132580989159894
6311,4.306543833836022
6312,4.453373028918017
6313,4.808341680698266
6314,4.698974877041514
6315,4.069148174952244
6316,3.7861355175607607
6317,5.0
6318,3.111415907320101
6319,5.0
6320,3.2142966279609517
6321,5.0
6322,4.404427586682098
6323,2.713681198102557
6324,4.820601865888059
6325,3.767482839897462
6326,3.8602049372950975
6327,4.447089096020648
6328,3.55768999932958
6329,5.0
6330,4.14942429438836
6331,4.888735318537434
6332,5.0
6333,3.7985830058198653
6334,4.437329168652328
6335,3.8836230330373835
6336,4.0799075974367245
6337,3.629114218688537
6338,4.248884227756821
6339,4.410066044395379
6340,3.2666189684375504
6341,4.2360702941886546
6342,2.241088407960088
6343,2.4964050490289376
6344,4.3513236965113355
6345,3.341711470614767
6346,3.942070916282882
6347,4.939277821892729
6348,4.305799713378197
6349,4.020143692058155
6350,4.584473387032062
6351,5.0
6352,4.868981344949887
6353,4.631351611851421
6354,3.2375441991949954
6355,3.230713017810853
6356,4.696112782660745
6357,3.3790210136472734
6358,3.650063598922552
6359,4.390837829688092
6360,4.615367478978063
6361,3.539380365563273
6362,2.2311993245247352
6363,4.8876491407877465
6364,4.492589936060705
6365,3.873580664478198
6366,3.7930819104979303
6367,5.0
6368,1.4079025053029
6369,3.783302848628348
6370,4.395483399793548
6371,4.922021511143467
6372,4.2064580620844065
6373,1.4744714311181104
6374,3.754972058717835
6375,3.3345789701532373
6376,4.097222009533438
6377,3.164370569499924
6378,4.928636030339618
6379,4.919152960922448
6380,4.567844630354399
6381,3.802743672661402
6382,3.1882132694592853
6383,1.9898339105562006
6384,4.2446374444556385
6385,3.594202829136886
6386,5.0
6387,4.3635300793929295
6388,4.093152437039446
6389,4.030057065771213
6390,3.5397141686092857
6391,5.0
6392,4.159868918991025
6393,4.887940694759742
6394,4.39172610434084
6395,3.8148910853136035
6396,4.686699136174843
6397,4.876439241516129
6398,3.8748420716708827
6399,1.1117870126787923
6400,1.829325566572721
6401,4.445251744132955
6402,3.7515116517415983
6403,4.81275296930438
6404,3.813074811582255
6405,4.053485829228322
6406,4.527765081168541
6407,4.543321429948283
6408,3.663327301191875
6409,3.9900593109922213
6410,3.095342774289641
6411,3.0288022866289532
6412,3.1784882557363567
6413,3.853459151664111
6414,4.924622000698939
6415,3.7576576878726433
6416,4.278640810630966
6417,5.0
6418,2.026005191484785
6419,3.320220638451395
6420,4.192353345595548
6421,3.552782504479302
6422,3.284623412583109
6423,4.021642345603551
6424,3.642664589773925
6425,4.609612308481683
6426,3.86585161281835
6427,5.0
6428,5.0
6429,1.5718609232573229
6430,4.528756607205533
6431,4.037708047934956
6432,5.0
6433,2.744162235174671
6434,4.915847172901927
6435,2.0453599029816827
6436,4.445099179822334
6437,3.735754320490156
6438,4.396381163952043
6439,3.641214267243911
6440,3.407526898547444
6441,3.849181322886235
6442,4.465659318130352
6443,4.210053400012002
6444,3.655360783494358
6445,4.070984179813279
6446,4.323782650447065
6447,1.0
6448,1.680606755089305
6449,3.821351889555017
6450,3.051144754077198
6451,3.066327754407241
6452,4.419766157974355
6453,5.0
6454,4.989522455632795
6455,5.0
6456,3.6431818852220017
6457,4.567442567711755
6458,4.5327616597861216
6459,5.0
6460,3.9663475639744186
6461,3.8493558409645567
6462,4.49303396242462
6463,4.737594594580195
6464,2.692098050455721
6465,2.315430227296272
6466,4.448020179877053
6467,4.098990796522614
6468,4.092558440517605
6469,2.1294125426915924
6470,4.175237613472422
6471,3.3704976070485846
6472,2.2208469956108
6473,4.426308460988946
6474,4.097965240040661
6475,4.378198414482842
6476,4.2769238698606715
6477,2.9109963170286823
6478,2.5642530964739216
6479,3.9698808132203482
6480,5.0
6481,3.9697225131490628
6482,4.1522141491427975
6483,4.9567540385530275
6484,4.289728019556855
6485,4.226497146053147
6486,3.309226386730959
6487,5.0
6488,1.9726767488563601
6489,4.791051477584172
6490,5.0
6491,4.736474714736196
6492,1.0434217654558147
6493,4.138238344511564
6494,4.464179145079072
6495,2.8083253478955763
6496,4.825661948948384
6497,4.845427685378016
6498,1.5064400129413449
6499,4.36000814280656
6500,3.6143207782777713
6501,4.627947714505219
6502,4.862458028027095
6503,1.9290350457364298
6504,3.0301820586187116
6505,4.973773200802392
6506,3.0787758130758576
6507,1.0
6508,4.983710037525708
6509,4.779440776605409
6510,4.43929804023331
6511,4.558062837920732
6512,3.5123916461620617
6513,3.590983315909496
6514,4.116807142699885
6515,3.7791853044851402
6516,3.6089811863479335
6517,5.0
6518,4.266534445147171
6519,4.349650214162607
6520,4.13625766677316
6521,3.6458094911598837
6522,4.1793672277686555
6523,4.9742717762012
6524,2.1103749272844796
6525,5.0
6526,3.682844184723625
6527,4.449389377513235
6528,4.103215064431346
6529,3.287547425933969
6530,3.942382837865606
6531,3.889294182232099
6532,4.968652169006378
6533,4.309846261629113
6534,4.333112736084049
6535,3.1549978988406853
6536,4.144896061847365
6537,4.256458047566422
6538,2.571761584124711
6539,4.693512012941829
6540,2.0555591444856995
6541,4.344284666543453
6542,1.8300234109111746
6543,2.9136862235079133
6544,4.198345905083604
6545,4.171740586258217
6546,2.7611865159157443
6547,3.5481354477394635
6548,4.228218848396934
6549,5.0
6550,5.0
6551,3.828176339041884
6552,1.5086869337590842
6553,4.660881744934154
6554,4.308901790741839
6555,4.563231081675451
6556,2.728735471765142
6557,4.095930081373604
6558,5.0
6559,3.998875657831462
6560,4.541583073973248
6561,4.804557578555415
6562,3.90622963649394
6563,2.914810242200927
6564,4.231421712163738
6565,1.6452056543293532
6566,3.041693348570435
6567,4.05930276057382
6568,5.0
6569,3.462758166006778
6570,5.0
6571,4.4623390189262215
6572,3.429751304159145
6573,4.2451718511668854
6574,3.0774728327393412
6575,4.369729622531268
6576,3.2719938728383617
6577,4.602538468033747
6578,2.765643895383295
6579,1.0
6580,5.0
6581,2.661841686679722
6582,5.0
6583,4.857868761236754
6584,3.5425652915155874
6585,3.494997305433133
6586,4.798140423081584
6587,2.170392868551447
6588,4.725346072455206
6589,4.568938519613765
6590,3.7264691423374536
6591,3.1373637594087125
6592,3.5833105038536024
6593,5.0
6594,3.418116696923965
6595,3.7783990979151074
6596,5.0
6597,3.3134176969882017
6598,5.0
6599,4.743936161168664
6600,4.558436045617966
6601,4.874575897794484
6602,3.652009054808352
6603,4.381368634336643
6604,3.87737946676296
6605,3.9333261960073096
6606,5.0
6607,3.6525280663561595
6608,4.607936033050556
6609,4.43034839155535
6610,4.760186337522427
6611,4.564839956091521
6612,4.861838969656531
6613,4.767805354718847
6614,4.998795456318469
6615,3.5745842900627807
6616,4.615919566542531
6617,3.680802554312005
6618,4.991444244113001
6619,5.0
6620,4.229479569160127
6621,1.947462237189623
6622,3.97762299280348
6623,3.0431262695764767
6624,1.3706218230008511
6625,3.8535864660400474
6626,4.858445265803327
6627,1.0
6628,3.7504125284860548
6629,5.0
6630,4.451581012921279
6631,2.6553446691669054
6632,4.452371697088019
6633,3.7312575986716663
6634,4.219867505441057
6635,4.698787965803167
6636,5.0
6637,4.420946677153081
6638,4.647234689959853
6639,5.0
6640,3.635457877965962
6641,5.0
6642,3.702160255060865
6643,4.218880915925264
6644,4.3178388159942775
6645,4.296213127161668
6646,2.289517488085559
6647,4.733923099982027
6648,2.620987071057574
6649,4.651820405569339
6650,5.0
6651,4.90847794030359
6652,4.293223990173125
6653,5.0
6654,3.263972242688904
6655,1.0
6656,4.24195494568921
6657,3.0795212886841927
6658,3.882556745218471
6659,3.721333033167142
6660,2.4877044580434737
6661,4.590505679721052
6662,3.145579630763839
6663,1.6819730213254802
6664,4.621512391783726
6665,3.6212260077362766
6666,4.543004951824538
6667,4.915563729567387
6668,3.966008917417936
6669,2.958675463590949
6670,1.2497796796547738
6671,5.0
6672,4.593617519906145
6673,1.601305533278539
6674,4.035004332987246
6675,3.8290303353453465
6676,3.298055070751835
6677,3.683743862855793
6678,2.323416882334267
6679,4.263895804689588
6680,3.4546858739226636
6681,4.318307085975145
6682,4.09795978970945
6683,3.8874648384686648
6684,3.2490578479025194
6685,4.2102104271971275
6686,4.843191679980341
6687,3.269382933142083
6688,1.7430097967329456
6689,4.156462946949338
6690,2.077012956255123
6691,2.4478975277915733
6692,5.0
6693,3.4223884771915927
6694,4.673078554417774
6695,4.072726066785714
6696,3.936501898288455
6697,3.8015734214309207
6698,4.303564614642268
6699,4.905521217968233
6700,5.0
6701,4.9262335180659145
6702,3.8211361264815915
6703,2.2361093165295087
6704,3.871830367969179
6705,1.949125379558752
6706,4.605395305818365
6707,4.384685506193209
6708,3.5902485072000383
6709,3.7536253227240888
6710,2.945645331807369
6711,4.866680567371072
6712,3.8711251305800713
6713,3.764292135662813
6714,4.62527199553094
6715,4.267519367149887
6716,4.6334735591019385
6717,1.1185420738123362
6718,3.7078322919325855
6719,4.989732280976503
6720,4.458240716210125
6721,3.90308662312009
6722,3.1008108568889354
6723,4.7385715044604995
6724,4.092512246949242
6725,5.0
6726,5.0
6727,4.355132581739402
6728,2.77233164010926
6729,4.303188787998474
6730,4.337861608552418
6731,4.28264303735926
6732,3.802066154373912
6733,4.457871551067927
6734,4.7662247950067025
6735,4.478900151114363
6736,4.5824397430264625
6737,4.313427793383665
6738,3.9896331965413507
6739,1.0
6740,3.6264186868951
6741,5.0
6742,3.441094036407189
6743,4.473276531737638
6744,4.990453757005157
6745,4.852457194362479
6746,4.0913234425579565
6747,4.069032148003499
6748,4.30683493051349
6749,2.552904098724083
6750,4.481017393916114
6751,4.719450487800245
6752,3.8504084616335863
6753,4.236958571650048
6754,3.9411925669016665
6755,4.64707543602398
6756,4.918787441047728
6757,5.0
6758,2.5285542500019957
6759,4.543368524277102
6760,4.4780532632480385
6761,4.037461389177854
6762,3.6398009732004835
6763,4.502544977231447
6764,2.812906228900336
6765,4.940612817958131
6766,4.456324111763492
6767,5.0
6768,4.040304126919054
6769,1.0
6770,3.999035467088331
6771,4.404481887310741
6772,3.7033554255253502
6773,3.3372060551981306
6774,4.8991169177585805
6775,5.0
6776,4.30703048149136
6777,4.94189653632878
6778,4.892859698135251
6779,5.0
6780,4.0718858765464905
6781,5.0
6782,5.0
6783,4.390125492196952
6784,4.249857322248918
6785,2.6433570808087095
6786,4.133602187805638
6787,4.8487277920381775
6788,4.658428500624112
6789,2.7919077275593187
6790,3.6132575543485297
6791,4.034150924864028
6792,3.5525068461043126
6793,3.5636321852625152
6794,4.9833089961711865
6795,3.8348599434346298
6796,3.4944191296349407
6797,3.0123789799315115
6798,2.910983781094296
6799,4.421264432010523
6800,1.013254703083893
6801,3.660204698585193
6802,4.430784021491731
6803,5.0
6804,4.549928041480876
6805,5.0
6806,4.839569193208082
6807,5.0
6808,4.557122410916173
6809,5.0
6810,3.8469323599147973
6811,5.0
6812,4.617980611779043
6813,1.0
6814,3.473988043522456
6815,3.861977816573307
6816,2.793068699018865
6817,4.658628053584052
6818,3.925594962581693
6819,3.743400716891733
6820,3.6178851371608083
6821,3.0899390121945536
6822,4.795109237039562
6823,5.0
6824,5.0
6825,4.813682618270453
6826,2.107803380402198
6827,4.861777975563451
6828,4.843001376112182
6829,2.8296834277956533
6830,3.5112957795521043
6831,2.553156982024525
6832,4.438715015021107
6833,4.818965839021181
6834,5.0
6835,3.868313224282045
6836,4.26193021707959
6837,3.6089158187967687
6838,3.8720830169458127
6839,4.498339044651232
6840,4.533083663548385
6841,5.0
6842,4.986478497465952
6843,2.0169258623662074
6844,3.985747875115486
6845,1.0
6846,4.0316608283568405
6847,3.735099924472154
6848,4.567752049510285
6849,4.222502375809594
6850,3.0898846207900625
6851,4.290044568495147
6852,4.4488851740595
6853,4.805864120970886
6854,4.650326386150718
6855,3.739719198425714
6856,4.15613069060174
6857,4.096981289752457
6858,4.262205382167128
6859,4.645803204817255
6860,4.931401184097183
6861,5.0
6862,4.293957884407673
6863,4.632703430098395
6864,4.448989627257724
6865,4.73371601743317
6866,5.0
6867,4.361574479119973
6868,3.8401517543648707
6869,3.843727003420984
6870,4.2416859343619775
6871,1.8740900850562796
6872,4.884841007206949
6873,4.157625561402834
6874,4.712153808648994
6875,1.787125927781942
6876,4.9495139062513855
6877,4.084934099743498
6878,4.036886706301713
6879,3.626360440841389
6880,3.9444139676112515
6881,4.461966227487578
6882,3.50850485207794
6883,4.786113836308646
6884,3.7873317477575092
6885,3.825136034621372
6886,3.497628288432562
6887,3.9448193900021
6888,5.0
6889,3.5539324760200817
6890,3.3796366954119357
6891,4.285055316271149
6892,2.128398320326719
6893,3.9933278840675
6894,4.478214971441213
6895,4.8825235017195405
6896,3.789788129140377
6897,5.0
6898,4.53382425857279
6899,4.439224982818052
6900,4.586087501715746
6901,5.0
6902,4.9272362635030476
6903,1.0
6904,4.004336786923653
6905,4.084605714101746
6906,4.011883075795735
6907,4.078321972511728
6908,4.573506722054405
6909,4.0107812138063474
6910,3.6181123660396386
6911,5.0
6912,4.503473183309551
6913,1.0
6914,3.631799827966194
6915,3.699031145167376
6916,2.1550087542349226
6917,4.6028872751392615
6918,1.350058024017263
6919,3.5542362123639686
6920,4.137382179435477
6921,4.7809653899785625
6922,3.2906054555905007
6923,4.144236014164458
6924,3.835933960915532
6925,4.735190629747992
6926,4.126484178020494
6927,5.0
6928,5.0
6929,3.955972004263084
6930,3.2746630266932675
6931,3.931266471787526
6932,5.0
6933,2.1503225593841258
6934,3.5758566436154724
6935,4.291653954699732
6936,4.573873507002987
6937,3.0804398327809253
6938,4.341796928857734
6939,4.1636207391099305
6940,3.9382902108113766
6941,4.9583066739431665
6942,4.142707765232819
6943,5.0
6944,4.262140352578085
6945,4.158699781125374
6946,4.78288133147945
6947,4.276753569703635
6948,3.6558810267532578
6949,4.641232665881007
6950,4.946773119804529
6951,4.059396576176777
6952,1.5465285267001927
6953,4.672981327601234
6954,3.366170242435606
6955,3.4785347052206816
6956,4.340505474131566
6957,5.0
6958,4.858797522185426
6959,4.713784386979729
6960,1.0
6961,1.8139828187804192
6962,4.485321273656158
6963,3.205483052193675
6964,4.571574350710106
6965,4.194405727714486
6966,4.968044782800481
6967,5.0
6968,3.9741815822470716
6969,4.012575121365271
6970,2.4776486660644186
6971,4.480937749227178
6972,4.858097505779928
6973,5.0
6974,3.702417423873445
6975,4.223301482402095
6976,3.872445128212032
6977,4.740674485301702
6978,3.4173443009503712
6979,3.886185641056586
6980,4.591255956694786
6981,3.3503959344064533
6982,4.842953319747347
6983,3.0415974518795585
6984,4.134161182983403
6985,4.002556943994864
6986,5.0
6987,4.29758418074744
6988,4.0224448563487725
6989,1.2366607977192197
6990,4.452673382271259
6991,3.875161737234288
6992,3.650071646028339
6993,2.8597600024083514
6994,1.3955265446119474
6995,4.656821777621669
6996,1.0
6997,1.6057299787046635
6998,4.7723279500214515
6999,3.048866970093531
7000,3.1998361035666365
7001,3.8971354914747676
7002,2.7116952767065596
7003,3.9281126766030883
7004,4.8818209055869755
7005,4.005211454383203
7006,3.5286099060132283
7007,3.8065886396366206
7008,4.836124109323609
7009,4.087257328101454
7010,2.7902213673521334
7011,3.810103270990737
7012,3.7995315983944575
7013,4.9293658822756825
7014,4.434928012572912
7015,3.5195392711092035
7016,4.192815206014842
7017,4.5694961906550455
7018,5.0
7019,2.5745024358733404
7020,4.183112381694837
7021,3.902373314507437
7022,2.805123455805126
7023,3.7072484351402157
7024,4.0324590500335145
7025,2.9688912362030306
7026,1.7080367809913484
7027,4.710455037071586
7028,4.984532049818468
7029,5.0
7030,4.960321051478953
7031,1.4916580144345921
7032,4.163411629282061
7033,5.0
7034,4.212607135735771
7035,4.210642034483629
7036,4.32844565884957
7037,5.0
7038,4.885174005107941
7039,3.0927668422537145
7040,4.302292083832411
7041,3.6094503840413763
7042,5.0
7043,5.0
7044,3.8994314682424394
7045,3.558888230554208
7046,4.260233109371116
7047,4.598546707662992
7048,3.37432513263437
7049,3.9531738832413286
7050,1.4080264165085743
7051,4.373379798241845
7052,4.036303204050361
7053,4.535254222452273
7054,3.185550501535408
7055,4.7823053834907165
7056,3.733933443521266
7057,4.759263389605968
7058,4.561387771160551
7059,4.312714376781777
7060,4.5235429455221725
7061,3.449665440869147
7062,3.2450352383477075
7063,4.177014626836478
7064,4.455173010980092
7065,3.982040176080663
7066,4.465337264028608
7067,4.103775072069116
7068,4.5598374734183675
7069,5.0
7070,1.0722060857241504
7071,4.609054072076882
7072,3.503105815632447
7073,4.779479403664558
7074,3.7695160798827416
7075,4.437594279914028
7076,4.6514871518851315
7077,3.712657743385468
7078,4.296976962284959
7079,5.0
7080,3.3874948101386506
7081,5.0
7082,4.8775264780602745
7083,4.965835592850736
7084,3.8990904090013165
7085,4.606312488304939
7086,4.898443722029987
7087,5.0
7088,5.0
7089,3.5258546392669894
7090,4.102595028349324
7091,5.0
7092,5.0
7093,3.304425164589899
7094,4.245855757495282
7095,2.64517608362085
7096,3.571665404888771
7097,4.3733794759832305
7098,2.0479678356496915
7099,2.88227381576908
7100,4.418577709840462
7101,4.868061797194945
7102,4.008693218741797
7103,4.697652106287827
7104,3.805160848588059
7105,4.238727267684757
7106,5.0
7107,4.142656012091076
7108,3.9967127200741963
7109,5.0
7110,4.635655920389478
7111,4.636377065445393
7112,5.0
7113,4.671102156342502
7114,4.942444095506971
7115,2.759840485895302
7116,3.629519359388157
7117,1.0
7118,2.8558378271684983
7119,4.043502469860752
7120,2.700462018948441
7121,3.989923985234543
7122,5.0
7123,3.674992579646964
7124,3.938988992950664
7125,4.395486107463129
7126,3.9833656366979926
7127,4.8901756329414905
7128,4.140994213216605
7129,4.0489266426876265
7130,4.266683168511733
7131,4.667797758772387
7132,4.399784921106173
7133,3.7679643940867105
7134,4.40597254597389
7135,4.886741672261589
7136,3.3333388241851196
7137,4.57751087122449
7138,4.614480074959603
7139,3.4796320572876933
7140,4.950340619958122
7141,4.96925683660807
7142,3.93897373247769
7143,3.978668431822461
7144,5.0
7145,4.6403634043112625
7146,4.852256686255474
7147,5.0
7148,3.082689144620571
7149,2.8098490691657823
7150,4.322493372744839
7151,4.785395963593725
7152,5.0
7153,2.850775653217836
7154,4.158906948997995
7155,1.2069733141242287
7156,4.063466777730746
7157,4.953941314092736
7158,4.408594601123259
7159,2.719205335772463
7160,3.345749338238363
7161,3.164972686547315
7162,2.563031278142898
7163,5.0
7164,4.8255711024996355
7165,3.3500686946446994
7166,3.9462175641758543
7167,4.221218735347219
7168,4.637073648086174
7169,4.996636095215562
7170,4.105632305385473
7171,5.0
7172,3.103229757203664
7173,3.898682504437401
7174,4.062977962897352
7175,4.067596858689574
7176,5.0
7177,4.580340002367113
7178,4.125993118182719
7179,4.72732627557793
7180,5.0
7181,4.434247739479649
7182,1.9831663052762463
7183,4.279116279855463
7184,4.4312458196204325
7185,5.0
7186,4.5493481286146435
7187,3.9681304045358483
7188,2.627528214093721
7189,3.732566025520269
7190,3.810128519887511
7191,1.8298523107033586
7192,3.84506645116429
7193,3.938510780271484
7194,3.73625568101931
7195,5.0
7196,5.0
7197,4.325382861898512
7198,4.486146153430175
7199,3.701723327144936
7200,3.5111261710734802
7201,3.486801895451626
7202,5.0
7203,4.834115148254278
7204,4.341874074570228
7205,4.635509904587281
7206,4.077193326694128
7207,4.294038552295869
7208,3.693255360360519
7209,2.7567696262424595
7210,4.409235113240044
7211,4.120958351308734
7212,3.6223306282742502
7213,5.0
7214,3.1114097031075367
7215,4.823371536830229
7216,4.070671737762503
7217,4.787665399705664
7218,4.129389904398266
7219,5.0
7220,4.268724456081503
7221,4.871422773160494
7222,3.8417143176770057
7223,3.8958917889360407
7224,4.532522352596784
7225,4.170415453677557
7226,4.789759681435331
7227,4.545354035103177
7228,4.382277104405686
7229,2.7715237374891872
7230,3.9351179846642808
7231,4.259598191401651
7232,3.4317906984130544
7233,4.339084873293669
7234,4.252647524094004
7235,4.082145351150876
7236,4.365680040516092
7237,4.143247428521425
7238,5.0
7239,4.392436295378629
7240,4.902401334190772
7241,4.967467402175702
7242,5.0
7243,4.196329030307156
7244,4.009384481751164
7245,5.0
7246,4.533772862185693
7247,4.7600608545966585
7248,4.413300497478759
7249,3.8443103941156345
7250,4.527972694676112
7251,3.2139892841887723
7252,4.31486307008473
7253,4.496540011537747
7254,4.9985516231039675
7255,5.0
7256,4.432312581126407
7257,5.0
7258,3.2097572889609984
7259,5.0
7260,3.8465384186193523
7261,3.415781706892791
7262,4.307909909523829
7263,4.6364616763329645
7264,4.202114915618777
7265,4.223269991037051
7266,4.503324743538681
7267,3.5617117347846734
7268,4.917252028351003
7269,3.653238688523427
7270,4.337528132065776
7271,3.4427013407252853
7272,5.0
7273,4.155877764086584
7274,3.884734980054585
7275,3.9362363286218205
7276,2.7610307452815395
7277,4.116376737191521
7278,4.216088303885247
7279,5.0
7280,5.0
7281,5.0
7282,2.9623478433315498
7283,4.846838721748897
7284,4.5081063820879255
7285,3.2909226707709562
7286,4.014083781536735
7287,3.352463848147968
7288,4.421829447784888
7289,1.0
7290,4.58951036113007
7291,4.737472116496895
7292,3.054174407996092
7293,4.159597446618555
7294,3.3372510274448395
7295,4.053415168409213
7296,5.0
7297,4.151745757230305
7298,4.710499243011333
7299,5.0
7300,4.133083445026661
7301,5.0
7302,4.397999773220131
7303,4.825661948948384
7304,3.036172489070044
7305,3.8496312132315067
7306,5.0
7307,3.639750154056569
7308,3.5334571980866594
7309,4.311997736704461
7310,3.737962743653085
7311,2.9984556846857062
7312,3.5844495461793175
7313,5.0
7314,4.17317145200259
7315,4.945592235388707
7316,3.283179252308245
7317,3.5569133655187932
7318,4.209170302267156
7319,2.520585354451193
7320,4.166931984427906
7321,3.36876087702204
7322,3.5320541441017603
7323,4.671568360127971
7324,4.008626051108429
7325,5.0
7326,2.8921781629231886
7327,4.715904820455095
7328,4.472329787552457
7329,2.536921733223377
7330,3.984506412574943
7331,4.580367692145918
7332,4.7394863458928915
7333,2.746113180940547
7334,4.245833939944055
7335,4.667538540440822
7336,2.2696824681841123
7337,4.5726891548278745
7338,3.884947361743513
7339,4.795138622265586
7340,1.8341893795081172
7341,4.142217134848346
7342,2.619137416316706
7343,2.407590480360155
7344,4.792653506123864
7345,4.544275292051945
7346,3.9966283610109627
7347,4.146997414716329
7348,3.628989384286518
7349,3.9586964739732466
7350,1.4543877534470886
7351,4.559413105459788
7352,5.0
7353,5.0
7354,3.95059955770079
7355,3.8609518721064298
7356,4.209880051853143
7357,3.6965420475818735
7358,3.824226218037885
7359,3.9141186266185595
7360,4.099187064358547
7361,4.340377873242392
7362,4.512605827200907
7363,4.055626497082083
7364,4.970828668617326
7365,3.0822844438394457
7366,3.856502020617877
7367,2.9065581628923676
7368,3.4639241956697435
7369,3.9485126350516087
7370,2.4895030911510645
7371,2.282933899540816
7372,5.0
7373,4.58008145953153
7374,4.296069847679715
7375,4.160250471605662
7376,4.267376568811419
7377,4.863941292382704
7378,4.029581854878273
7379,4.957882764068435
7380,4.453787466862007
7381,4.6775356353995114
7382,4.291544752024295
7383,4.207284331504088
7384,4.590313029922052
7385,4.412436644831063
7386,2.5766189766440304
7387,4.5673833401297275
7388,4.723342359059263
7389,4.929683828978127
7390,4.451930181290184
7391,2.776835736311414
7392,3.850981819613162
7393,4.49664183970564
7394,4.2829997583376676
7395,3.994012245754438
7396,5.0
7397,5.0
7398,3.8747551494968446
7399,4.920055783195563
7400,5.0
7401,4.807642150129627
7402,5.0
7403,3.8715500283886755
7404,4.5116510276926745
7405,4.372518303606196
7406,3.2434529388186286
7407,3.4550378698204143
7408,4.896224328538438
7409,3.656486148517107
7410,4.343341884164851
7411,4.374132306853678
7412,3.7655457952442513
7413,4.706008445783168
7414,4.284422611002719
7415,4.277051179828046
7416,1.7563368242962478
7417,4.994582477108058
7418,4.595014208795083
7419,3.7607757483404343
7420,4.256559740244332
7421,4.667920319921919
7422,1.0
7423,1.596526428844843
7424,4.885143185368389
7425,3.903295262098184
7426,4.860734382177353
7427,4.992985966273736
7428,5.0
7429,3.0312966996755275
7430,4.7588239209117384
7431,3.282176349812564
7432,4.7306261927611395
7433,3.8865992931260647
7434,4.358643890402997
7435,2.9979422395913575
7436,3.842530227935887
7437,3.749990536232387
7438,3.9634968556034473
7439,3.7549943355034774
7440,2.6992086445356414
7441,5.0
7442,4.32616602548093
7443,3.7151689452442254
7444,4.2569060329982715
7445,3.6744281130699417
7446,4.476129796867419
7447,4.5646061637815585
7448,4.760174778088769
7449,4.285595424274476
7450,4.436981419926372
7451,3.4384216657837805
7452,4.600863335432537
7453,3.719617917562201
7454,4.0673736501986495
7455,4.123533722236214
7456,1.9633710356370535
7457,4.150918097592979
7458,3.4859900424139507
7459,4.855623956538842
7460,4.246731682435868
7461,2.7723849449140974
7462,4.8825284210092
7463,1.3070658035676361
7464,3.3550129022689035
7465,3.224643201210465
7466,4.377996869570309
7467,4.186080125499884
7468,3.4353912295405835
7469,5.0
7470,3.4086111844491467
7471,4.584301700950461
7472,3.840737037335261
7473,5.0
7474,2.878466051717088
7475,5.0
7476,4.955953743354568
7477,4.494214120866338
7478,4.927022255885852
7479,4.919481796934693
7480,4.7231640923715545
7481,4.338913907148503
7482,4.855433314560655
7483,4.7903607479348285
7484,1.4240283347703877
7485,4.3976680380347535
7486,4.122815941790526
7487,3.9439481639366507
7488,4.823079879451689
7489,5.0
7490,4.587297572187224
7491,2.4410304108500185
7492,3.029734905381837
7493,4.717099125717563
7494,4.409636663849726
7495,3.6466661362468367
7496,4.0052532781545525
7497,1.4166516603392254
7498,3.945444806999131
7499,3.422304972810289
7500,4.574988551950339
7501,3.025401658238519
7502,4.2454910303024445
7503,5.0
7504,4.1802541738471275
7505,4.7940657558007596
7506,3.9892361428305874
7507,4.409928438122768
7508,3.6674481264997887
7509,3.9247625593344546
7510,2.7100163877005516
7511,4.095334284769921
7512,4.96109956568954
7513,4.930099719640211
7514,3.3716023350331055
7515,3.477261528053077
7516,2.409176951353276
7517,5.0
7518,4.192190547423844
7519,1.7389811393430854
7520,3.824790887395399
7521,2.548413663295028
7522,4.335870334741424
7523,3.9618645122519056
7524,5.0
7525,4.323367054917981
7526,3.777401512071448
7527,5.0
7528,2.9060961903793086
7529,5.0
7530,4.3529613934744456
7531,5.0
7532,4.204591555112309
7533,3.91674034568194
7534,3.2496490428631644
7535,2.5809371410977127
7536,3.985219934590607
7537,4.57567831787315
7538,3.2572530799836374
7539,4.815215999931094
7540,4.7148214803094275
7541,4.5537194587281205
7542,4.897249817321509
7543,4.412130504383098
7544,4.309752697808887
7545,3.8290166398046184
7546,4.302632739554441
7547,4.957289009895347
7548,3.6873471867371848
7549,3.2817770141615568
7550,1.0
7551,4.8978872934248425
7552,4.99684767722147
7553,4.710228424411493
7554,4.303744312318664
7555,4.589540597629937
7556,4.585946063724389
7557,1.0
7558,2.8112590678887477
7559,5.0
7560,4.931844106946315
7561,5.0
7562,5.0
7563,3.326342494926541
7564,5.0
7565,3.978812275613935
7566,2.082130692679614
7567,4.454699115038944
7568,3.961409291506194
7569,3.787768564901799
7570,3.926136667936852
7571,5.0
7572,3.115457237494118
7573,5.0
7574,4.868251878876372
7575,3.888555219982443
7576,5.0
7577,1.2247211660906587
7578,2.0640601299160153
7579,4.2210769421251895
7580,5.0
7581,3.0974346449248538
7582,3.672446553058074
7583,4.634126251816795
7584,4.481914821154822
7585,4.307513850954468
7586,5.0
7587,4.539002232926612
7588,3.2307012492632428
7589,4.400664902057769
7590,3.562302045994121
7591,2.9216651451861404
7592,3.742992356331486
7593,4.382770965247438
7594,4.972148840063298
7595,4.8723801957953325
7596,4.215579162843022
7597,1.424356885807161
7598,3.5477811593006283
7599,3.8909075506019155
7600,4.421914387762659
7601,4.369027743223412
7602,3.932351734289116
7603,2.7925210872566595
7604,4.1582205227977385
7605,4.276467358581363
7606,3.2102213821726284
7607,3.1204577481130147
7608,4.372527807855728
7609,1.051267648447579
7610,3.6930420311038885
7611,4.694867411452717
7612,5.0
7613,4.260993709391146
7614,4.1481484892622635
7615,4.7937112956490475
7616,3.9120984884977537
7617,5.0
7618,4.189845221057143
7619,2.7266388846109733
7620,2.722041838062351
7621,3.805938422277817
7622,4.176361520831338
7623,4.549119191381407
7624,3.2766009854559925
7625,5.0
7626,4.054862942626735
7627,4.281305592190378
7628,3.533902826445666
7629,4.693939641917274
7630,3.832178481300005
7631,2.88534745093167
7632,4.58441489616365
7633,4.237644253894311
7634,5.0
7635,4.673851040336734
7636,1.0
7637,5.0
7638,4.199885881290528
7639,3.429777307908434
7640,4.080253365965066
7641,4.847014573317913
7642,1.8284432421099965
7643,5.0
7644,4.11978084183391
7645,3.7203340981887276
7646,5.0
7647,4.349658310937908
7648,3.835477974929722
7649,2.7977640832307342
7650,2.4134715200704893
7651,4.948419370522442
7652,4.1812871071265185
7653,4.9989927408467345
7654,3.8415596448192595
7655,3.8054896869720953
7656,4.663910895534917
7657,4.476894150196459
7658,1.4424214294762583
7659,4.748913371355905
7660,4.1061466189701195
7661,4.313452453923833
7662,4.6234755964481185
7663,4.783811379279265
7664,4.191680439174553
7665,4.6912649085438725
7666,5.0
7667,4.067994657348126
7668,3.940885834616733
7669,5.0
7670,3.7040125783272337
7671,3.477190736112195
7672,4.539428418240299
7673,4.586927917112051
7674,5.0
7675,3.942371653870819
7676,5.0
7677,4.3868067516258336
7678,3.9305876219112217
7679,1.0
7680,3.121274204573063
7681,4.826942696277549
7682,4.490426721162366
7683,5.0
7684,3.6428121615550193
7685,4.268514164216734
7686,4.9618789309143745
7687,3.8736358127457096
7688,5.0
7689,3.2345537191172875
7690,3.253239133827958
7691,4.1562963658171785
7692,4.724631063516026
7693,3.227572560305025
7694,3.5966573465128913
7695,3.509907839307453
7696,5.0
7697,5.0
7698,4.162353803617364
7699,4.306569052947093
7700,3.499149815469205
7701,3.3178063587989923
7702,4.737722795846633
7703,5.0
7704,4.74618981640098
7705,4.396794101429343
7706,4.349185260117766
7707,4.456202374014903
7708,3.948746389128622
7709,1.2156876238069756
7710,1.4699112453757583
7711,5.0
7712,3.7891374486056915
7713,3.9656979045644087
7714,4.385724433926136
7715,4.928548449965668
7716,3.784063991883641
7717,4.362727312820978
7718,4.760927228565393
7719,4.130773971422742
7720,4.662195383338345
7721,4.873565437230113
7722,3.834413920594103
7723,4.613314825924878
7724,5.0
7725,5.0
7726,4.117628624270058
7727,3.3099910070343332
7728,4.537463909775325
7729,4.471935864646508
7730,3.3887478939682696
7731,3.612788409643657
7732,3.4711129659653692
7733,5.0
7734,5.0
7735,4.667591685379561
7736,3.540929582129802
7737,4.941557815734831
7738,4.453587466206503
7739,2.734540563279543
7740,4.646488547604779
7741,3.3574742516473015
7742,4.487214968871364
7743,4.27482388858181
7744,2.162832012315397
7745,3.7993469486572766
7746,5.0
7747,4.990957879724364
7748,3.4168245321437216
7749,4.838209905424029
7750,4.056714139441358
7751,1.0
7752,4.795036730731845
7753,5.0
7754,3.599226305215974
7755,4.63733940039585
7756,3.7383548485768574
7757,3.612764616503736
7758,3.712127280710874
7759,3.8540698749790985
7760,4.474821530278672
7761,3.8355444262585023
7762,4.368140197221516
7763,4.4582518309078285
7764,3.6184557778250532
7765,4.418809572973625
7766,4.715204903310644
7767,3.98713709137749
7768,3.6711682622250894
7769,4.577870935623905
7770,3.673059845310908
7771,4.127835746185172
7772,5.0
7773,4.54145614790539
7774,2.699229908459251
7775,4.073470225954818
7776,4.200721824202001
7777,4.950070709531436
7778,3.9944339633554597
7779,4.492103359212605
7780,4.847091722106771
7781,3.0511731696515167
7782,3.509660230972957
7783,3.7469085709218546
7784,5.0
7785,3.8423022810312224
7786,3.7693931017974944
7787,4.209370913693698
7788,4.876120617397591
7789,4.207878116868939
7790,4.485148594673424
7791,4.7460775232988235
7792,3.889250986964286
7793,2.1720136815377926
7794,4.128888074467021
7795,4.848435931224213
7796,3.8384764874712687
7797,3.795801628567748
7798,4.813091336165267
7799,5.0
7800,3.9487355413281398
7801,4.18485266866641
7802,3.2153151972966825
7803,5.0
7804,3.394965032109945
7805,4.502522823070716
7806,4.222012525045957
7807,2.132719758887183
7808,4.2776216563163345
7809,5.0
7810,3.945529468524733
7811,4.28576185676897
7812,4.155382580146085
7813,5.0
7814,4.071289370222194
7815,1.9966945823066795
7816,5.0
7817,4.403591435001438
7818,4.122024338828378
7819,5.0
7820,5.0
7821,3.9169299059178413
7822,1.4915644610535725
7823,4.491200988089007
7824,4.278548611854535
7825,5.0
7826,4.000769814684039
7827,5.0
7828,1.4764316948048575
7829,3.9839077400620257
7830,5.0
7831,4.708029462046983
7832,4.019379105724749
7833,3.997971804382103
7834,4.774372793156197
7835,3.816738756722903
7836,2.69334790770227
7837,3.522146011358024
7838,5.0
7839,5.0
7840,4.540175922009444
7841,4.222122262677741
7842,4.1591771595292615
7843,5.0
7844,4.420884931067859
7845,4.213608741576669
7846,5.0
7847,4.359983549624795
7848,3.163045041758869
7849,3.867226807387478
7850,5.0
7851,2.755155015426587
7852,3.530134693058692
7853,5.0
7854,4.305418359303243
7855,4.36862825574059
7856,4.704142963073453
7857,4.803959546068335
7858,5.0
7859,3.073369383687493
7860,2.129220096602214
7861,4.531487670977521
7862,3.962100555623765
7863,1.0168453708878646
7864,4.2813642222191
7865,4.020948825605204
7866,2.834265113637824
7867,4.256832081435471
7868,4.07550234285101
7869,2.985616972656578
7870,4.314987981296951
7871,2.1614384255748353
7872,2.6902407894701685
7873,4.999892843794834
7874,3.8793883982725323
7875,4.221667238914792
7876,4.941588350041713
7877,4.422408957452431
7878,4.340516126288463
7879,2.0068619812421216
7880,5.0
7881,4.151749325520413
7882,4.339604387225418
7883,5.0
7884,3.83422300700217
7885,4.732264236699646
7886,4.343880705842448
7887,4.194764189453648
7888,3.677787041966686
7889,4.336656356379649
7890,4.292188220271224
7891,5.0
7892,3.9381231477050784
7893,4.359578269089338
7894,4.651123973754736
7895,5.0
7896,5.0
7897,3.909905320146837
7898,4.057196858792036
7899,4.597559707548953
7900,3.8221864172905775
7901,4.486843943338238
7902,4.6465175810681165
7903,5.0
7904,4.689509793550095
7905,3.2173297793943987
7906,4.468798059509068
7907,1.0
7908,4.836520853583727
7909,2.86642074144609
7910,4.785559484702428
7911,4.14245388333186
7912,4.55188100215593
7913,4.046234516607342
7914,3.577934206910232
7915,4.439090157485049
7916,3.2825189422621923
7917,4.804568670892894
7918,3.9053988298360367
7919,1.0
7920,4.433469102771564
7921,4.416113711444892
7922,5.0
7923,2.0078426007988233
7924,4.444557780892179
7925,4.968772168053232
7926,3.937592884373359
7927,3.571317639920333
7928,1.718185636737424
7929,4.876570415907776
7930,3.7376295330902467
7931,4.418160914099762
7932,5.0
7933,4.4206496283042425
7934,4.814954623651147
7935,4.985693220876463
7936,5.0
7937,4.10477973783637
7938,4.872861778740204
7939,4.808935309232189
7940,5.0
7941,4.650519539028263
7942,3.3097446282968876
7943,5.0
7944,3.164037604602493
7945,4.707701181535117
7946,3.9006815994179305
7947,5.0
7948,3.6106020011053053
7949,4.2619132264445945
7950,4.689520643812455
7951,5.0
7952,4.826926146883599
7953,5.0
7954,3.834393534119785
7955,2.6668029304844394
7956,4.268063429262944
7957,5.0
7958,3.570807640571065
7959,3.7460921701503036
7960,4.243113645885712
7961,4.19924252731975
7962,4.699429939561184
7963,5.0
7964,3.053428428189175
7965,5.0
7966,2.669028127863852
7967,5.0
7968,3.724744774259342
7969,4.735701599342029
7970,4.426069838230345
7971,4.501722763365495
7972,5.0
7973,2.5795862560513942
7974,3.331773350771948
7975,3.847855650820347
7976,4.669096283106246
7977,1.0
7978,4.329301973039624
7979,3.6824275860615026
7980,4.703372447137938
7981,3.3554712197365717
7982,4.192465127806585
7983,4.362280995208224
7984,4.3483980163731895
7985,3.388615129886688
7986,4.827057152686129
7987,4.041415738977411
7988,3.505315793293123
7989,3.3483157836551642
7990,4.694023962716085
7991,2.609821465735373
7992,3.0615028172276237
7993,3.9050946193125817
7994,4.704462461853986
7995,3.4986792946584657
7996,4.754547714746873
7997,5.0
7998,4.3227445840950365
7999,4.683525680608131
8000,2.609764905965062
8001,2.2372888714881713
8002,4.070877063768282
8003,4.910819605955528
8004,4.412138223859598
8005,4.122702160937236
8006,3.496304645529139
8007,3.2099443038674504
8008,3.8413755149346693
8009,5.0
8010,4.574469823009413
8011,4.32223868598503
8012,1.9727700400144217
8013,1.129671219558095
8014,3.137218292321473
8015,4.071266746245326
8016,3.028014657398714
8017,1.985999914208699
8018,3.6693916285307306
8019,5.0
8020,2.7314031801858114
8021,4.68300806979162
8022,4.015390023147704
8023,3.647355356627203
8024,4.22576950416675
8025,4.2421507765945705
8026,3.5021506695357814
8027,4.5931820848066325
8028,3.9591808118828156
8029,3.9264265338426583
8030,1.545169899718247
8031,3.092415566043216
8032,1.0744229760061748
8033,3.355179326193448
8034,4.312932805811412
8035,4.140669701523475
8036,2.7396350908458524
8037,2.8313129446777747
8038,3.414664111748734
8039,2.455890049080818
8040,3.8125275255100823
8041,4.020463538701274
8042,4.332357615657801
8043,4.78963574655999
8044,3.882117278700134
8045,5.0
8046,4.457692657116432
8047,5.0
8048,4.001626738136151
8049,4.73154947867698
8050,4.744341160906684
8051,3.7722592969932087
8052,2.8853380842160985
8053,4.701659674313937
8054,5.0
8055,3.1400560799397432
8056,1.5149932049088113
8057,4.933095805626716
8058,3.6684129044166083
8059,4.268362365239738
8060,4.917310851012939
8061,4.120604898032309
8062,4.990166015097365
8063,5.0
8064,2.157109022456842
8065,1.1617020399846003
8066,3.0085251535160347
8067,4.362556981872547
8068,4.454290683139654
8069,2.337652804547854
8070,3.982628934615061
8071,4.129662765411312
8072,4.952507845512908
8073,3.4307520410721177
8074,4.1605306966265765
8075,4.201334739199472
8076,4.2111816920975915
8077,4.295147747719411
8078,5.0
8079,2.8803492818933885
8080,2.0283792111597667
8081,4.068885547073281
8082,5.0
8083,3.9086396802555448
8084,3.6202573770607573
8085,3.968977238566937
8086,4.80542934827429
8087,2.2906389378930956
8088,4.657893163485026
8089,4.537794271156513
8090,5.0
8091,4.072031081223848
8092,5.0
8093,4.535102033468513
8094,4.738725999545919
8095,3.656963971873955
8096,2.9127567168775395
8097,4.3035167833469465
8098,5.0
8099,5.0
8100,4.224826273911237
8101,4.11925898346317
8102,4.885552140379099
8103,5.0
8104,4.511455591058384
8105,4.5086981242605955
8106,3.5753857488001506
8107,3.232757627992134
8108,1.0015358274878634
8109,4.865748537398928
8110,3.4712755466650917
8111,3.935332677310776
8112,2.1625822380281052
8113,4.348785955197933
8114,5.0
8115,4.436272635678945
8116,4.9236055615758145
8117,5.0
8118,3.8373821387422113
8119,4.623075088772104
8120,4.429886815566402
8121,1.632983188825536
8122,4.915329707599445
8123,4.993751401164909
8124,4.267128031061658
8125,3.0574410700828945
8126,3.6216035375602718
8127,4.9341700381835745
8128,2.969365225921431
8129,4.483566873290098
8130,4.880588267948182
8131,3.8866615596926746
8132,4.457251475417154
8133,2.3565622843669436
8134,4.207665919220352
8135,4.755139714185745
8136,5.0
8137,4.103299257118105
8138,3.974913303763484
8139,5.0
8140,3.812635938510562
8141,4.3706403914068135
8142,3.818465940644218
8143,3.2330659839486806
8144,3.335485928866236
8145,4.673816225342361
8146,4.006488082596461
8147,3.550593251875857
8148,4.227782155870375
8149,4.41141321523163
8150,5.0
8151,5.0
8152,4.698855669203576
8153,3.109749674874753
8154,4.566808209117619
8155,4.825809058574382
8156,4.643080112847488
8157,5.0
8158,4.116192547972651
8159,5.0
8160,4.4315196794141345
8161,4.460124461929596
8162,4.461189972404657
8163,4.793157874551457
8164,4.028899924840257
8165,4.915383532338357
8166,3.3083330590729494
8167,4.773994453297403
8168,3.9595921324591763
8169,4.589147850284392
8170,2.790795453486596
8171,4.3967627539508864
8172,5.0
8173,4.5348437943265605
8174,3.1457931735768665
8175,4.996533689986035
8176,4.274312879645645
8177,5.0
8178,1.0
8179,3.866854785311161
8180,3.8468533677155863
8181,4.076373123081694
8182,3.877125800359688
8183,4.856424641097526
8184,5.0
8185,4.647457674184166
8186,3.9612741371890965
8187,3.4034176090241113
8188,4.538964125354231
8189,4.488753080431583
8190,2.775682752369771
8191,4.904400965828236
8192,3.8623619002734917
8193,3.355939519673069
8194,4.443055259780383
8195,4.1612840879593955
8196,5.0
8197,4.046020043868687
8198,4.188248527297976
8199,5.0
8200,4.510571898910354
8201,4.247286031198257
8202,5.0
8203,3.895805158439609
8204,3.156903442036221
8205,4.326933965854385
8206,5.0
8207,4.410459713434009
8208,4.882556805838155
8209,3.843845483652283
8210,4.351112713626563
8211,4.0281039926718485
8212,5.0
8213,5.0
8214,3.8713165743893994
8215,5.0
8216,3.9548498125823444
8217,3.3822125142755155
8218,5.0
8219,3.2109868092736145
8220,3.7659290212333074
8221,1.771312684878113
8222,4.373571602632273
8223,4.261763074586481
8224,4.708765814385503
8225,4.419174315425534
8226,5.0
8227,3.9669628315388192
8228,2.5738670625619466
8229,4.090496144847566
8230,3.8782207230397505
8231,4.358517646631694
8232,4.323093291467303
8233,4.129554992666191
8234,5.0
8235,4.99096504986891
8236,4.530503361197209
8237,5.0
8238,3.6876674338071735
8239,2.2844730448168766
8240,4.608165527687969
8241,4.269738493178208
8242,4.843159981316503
8243,3.7323101821482503
8244,4.630624312516526
8245,4.915527640114638
8246,4.62986541168056
8247,4.427671987699713
8248,5.0
8249,3.65295252007348
8250,4.006668524747366
8251,5.0
8252,4.819646353392877
8253,4.339004390625776
8254,4.5116627888374845
8255,4.264987899872862
8256,3.8868337977060725
8257,4.4040120469141435
8258,3.7362705438557384
8259,3.21089906666979
8260,3.8707474415291845
8261,1.1467143303779588
8262,4.7646997482837286
8263,4.376467842892819
8264,3.509315820187179
8265,4.381790725098451
8266,3.8476675153773274
8267,3.8881898191260458
8268,5.0
8269,4.736786814666302
8270,3.814933408914519
8271,1.0
8272,2.571619213009652
8273,3.1662524757135793
8274,3.475143456495736
8275,5.0
8276,4.404378841746565
8277,2.781195401816639
8278,3.7300797991719197
8279,3.7448825659678757
8280,3.7285348438578225
8281,4.014914012790227
8282,4.804383821446569
8283,4.430021125768832
8284,3.2483085850381768
8285,3.611120899147968
8286,4.6985618599976195
8287,3.621124034211629
8288,4.647350283790493
8289,4.009764421327784
8290,5.0
8291,5.0
8292,3.458333843527096
8293,3.8471164998269933
8294,1.5998493519332524
8295,3.6471536802727726
8296,3.6914649795551213
8297,3.4081727039160894
8298,3.7142771664942007
8299,5.0
8300,3.2898309669458676
8301,5.0
8302,4.8038442410651285
8303,3.6932387954285106
8304,3.3620553171440024
8305,3.443511840647412
8306,4.791969665769375
8307,4.104676753389651
8308,4.336605634856835
8309,4.833660489730667
8310,4.622712530191284
8311,4.547809635385447
8312,3.6058382798511763
8313,3.857298778003028
8314,1.7125705950662038
8315,4.252508737992438
8316,3.922820974804832
8317,4.972853671772944
8318,4.0640410655271655
8319,4.965773998125835
8320,4.118000159340275
8321,3.803292048515751
8322,4.342602183875872
8323,4.768357201829252
8324,3.8939233850107824
8325,4.918213167557091
8326,5.0
8327,3.0016441025068863
8328,3.586865861478831
8329,3.1057760189355275
8330,4.549206369633129
8331,4.669345471199441
8332,4.597654011899184
8333,1.0
8334,4.1381699482326075
8335,4.807414952276586
8336,3.78699352571543
8337,3.8305250882234825
8338,5.0
8339,4.413904275350338
8340,4.124107525040228
8341,2.577273475394824
8342,4.56132196331966
8343,4.295062804789529
8344,4.332283519466811
8345,4.536895954393451
8346,5.0
8347,4.024620295268266
8348,3.677068302907944
8349,5.0
8350,1.9727921618703799
8351,3.7420598604498663
8352,3.729459241042586
8353,4.829422373822312
8354,4.731848644804157
8355,3.172805766759701
8356,4.580695238196785
8357,4.5394791757942325
8358,4.339765344294594
8359,2.6748065164196007
8360,5.0
8361,5.0
8362,5.0
8363,4.263368732185746
8364,3.4848106903274125
8365,4.4585290945691725
8366,4.406459329578086
8367,3.3618127678243446
8368,5.0
8369,5.0
8370,1.0
8371,4.267219682435497
8372,3.017746253970698
8373,4.257397234852413
8374,4.824624928427149
8375,1.809032892160561
8376,4.424106120209459
8377,3.324965857981608
8378,5.0
8379,2.9956663906146614
8380,4.553105814296669
8381,4.402854202695325
8382,3.986749211358603
8383,4.336553948250119
8384,4.369628162683538
8385,4.946451817483082
8386,4.69256177394834
8387,3.9833911027514306
8388,5.0
8389,3.383532880224426
8390,2.6959055300579537
8391,4.999341318707858
8392,3.397584662725776
8393,4.271863476125834
8394,3.828569986448869
8395,4.9692754102947125
8396,5.0
8397,2.409941225995499
8398,5.0
8399,1.032951879228201
8400,4.34001820955465
8401,3.864046211865678
8402,4.298045171364478
8403,5.0
8404,2.016098272363446
8405,2.919230224046003
8406,4.404241690808705
8407,4.445443346930881
8408,3.6301004365508103
8409,4.917930765654243
8410,3.719221093639945
8411,3.213061556971616
8412,5.0
8413,4.842052922142513
8414,3.47494265210496
8415,4.3598966380148685
8416,1.0
8417,3.741256046550091
8418,4.678045481287163
8419,4.069099748777804
8420,4.577129810934131
8421,3.6641271966402416
8422,4.488482297939472
8423,5.0
8424,1.2567806143825027
8425,3.32354662699934
8426,3.8917071798857323
8427,1.9864177302047048
8428,4.590588320247513
8429,3.8385305579141042
8430,5.0
8431,2.9217592023204926
8432,4.387454994642519
8433,4.10922270715535
8434,3.211596876357053
8435,4.969404470181357
8436,4.522900853906059
8437,2.9562923096113485
8438,2.5974344896545802
8439,2.014589456675494
8440,2.6616951363810113
8441,4.018184693557013
8442,3.921299356171033
8443,3.7204639319437116
8444,3.910899587615295
8445,4.078938594307594
8446,4.172789871289269
8447,4.5353255084088016
8448,3.7809396772074093
8449,4.460151525829657
8450,4.38376153854095
8451,5.0
8452,4.066941762274021
8453,4.289298821644158
8454,3.2475928139919823
8455,3.10552989503607
8456,3.4259967409249454
8457,3.730234643730115
8458,4.822335024871692
8459,4.714019070456912
8460,4.290407993832398
8461,2.3883194065132565
8462,4.119624480364849
8463,3.0344859593240736
8464,4.20933477001593
8465,3.5712196548850317
8466,4.656655952734178
8467,5.0
8468,1.3843943870505517
8469,5.0
8470,4.8907727739272895
8471,4.8700098762570425
8472,3.2207031913096715
8473,3.809504229565033
8474,2.8750689653827504
8475,4.138832232385568
8476,3.071968510067743
8477,1.113049377277824
8478,4.487242739448094
8479,2.6826065831371038
8480,2.4750746326465167
8481,3.045715967403332
8482,2.2988655740681727
8483,4.0464112527157265
8484,4.1166042051402725
8485,3.289463705147955
8486,3.2606894882174196
8487,4.309029962322271
8488,3.2317558163494846
8489,4.466733421255821
8490,3.3582383492925594
8491,3.6390998601437845
8492,4.547752475659328
8493,3.633329830395967
8494,3.785884562948322
8495,4.316835946112052
8496,4.147137450886192
8497,4.162442647474601
8498,3.116069213402726
8499,3.496699485370111
8500,4.975919475615244
8501,3.750043905823426
8502,4.390301738399007
8503,4.508378972961841
8504,5.0
8505,4.382144865696337
8506,3.6740940080136326
8507,4.4832811098748175
8508,4.50260037390648
8509,4.406930860457936
8510,4.660543682115736
8511,2.7100232688493424
8512,1.0
8513,3.8067451948848223
8514,4.7814815740624095
8515,4.009130408026442
8516,3.4489000239382546
8517,1.2117862673947952
8518,3.7129098909004714
8519,4.296161540643976
8520,1.8185594656146775
8521,4.152739838845665
8522,4.892317372479451
8523,4.007030640113658
8524,5.0
8525,4.713164938686821
8526,3.4411769101597907
8527,5.0
8528,2.484289834523994
8529,4.643389941626589
8530,3.9586994956534687
8531,2.9209270666864686
8532,3.1520044925639557
8533,4.660485666226299
8534,3.9598250068980994
8535,4.218546749222144
8536,4.191701643111069
8537,5.0
8538,4.447794814875931
8539,3.8735347565463947
8540,3.406172242179902
8541,4.148948237067687
8542,4.5726335703331635
8543,4.603769141572749
8544,3.9604356157348413
8545,5.0
8546,4.388254351789431
8547,4.79336931273784
8548,2.71710980931901
8549,3.992989437813161
8550,4.547919839553815
8551,3.257862651628043
8552,4.83287054838177
8553,4.2045413601748525
8554,3.739624733492845
8555,4.310006438023865
8556,3.0737383320412537
8557,3.310888073906078
8558,3.842848189758637
8559,4.036952637096716
8560,2.908395754964128
8561,3.929892075422455
8562,1.4798055851227485
8563,3.4918202151888975
8564,2.630599997907456
8565,4.572881846381122
8566,4.338392038592686
8567,4.474105851711614
8568,4.268406319474791
8569,4.927961482346991
8570,4.786675576686524
8571,3.999261136442002
8572,5.0
8573,4.343166478133404
8574,3.9202568496829784
8575,3.7512068398475935
8576,3.513552572918945
8577,4.124803902948149
8578,3.049382411249261
8579,4.320148011836991
8580,5.0
8581,3.0157193388553667
8582,2.88992933037749
8583,2.602324239324513
8584,4.246057104221551
8585,5.0
8586,5.0
8587,5.0
8588,2.179684494725623
8589,4.04760386261243
8590,2.6889191953021756
8591,4.694223463563447
8592,4.069554052323055
8593,1.3339767034288146
8594,3.6403783429239622
8595,3.362738947906485
8596,3.3364500636309495
8597,5.0
8598,3.642404105347329
8599,4.199892621127125
8600,2.3983323303048656
8601,3.1001358945030164
8602,4.372666069834631
8603,5.0
8604,3.7761215595713074
8605,4.855593280894514
8606,4.271724028715868
8607,5.0
8608,5.0
8609,4.957386396697299
8610,3.2342550972736355
8611,3.86044141681246
8612,4.080168005642252
8613,4.394241196667971
8614,4.996219667284856
8615,4.309123941652062
8616,4.038452804492221
8617,4.2565688831408215
8618,4.32202872829468
8619,1.0521280210600472
8620,5.0
8621,2.791306105767108
8622,3.9759145766639175
8623,5.0
8624,3.3212092052470616
8625,3.5838599922793506
8626,4.231415231152983
8627,4.844518965972723
8628,4.152055786824713
8629,4.852294176754113
8630,4.592138423327578
8631,4.946344108520285
8632,4.019709041680028
8633,4.86387518355915
8634,4.1547911092829
8635,3.7467617341799855
8636,4.712529299989266
8637,2.5763000021606923
8638,3.7486749716587564
8639,4.46368710124241
8640,4.271709071590932
8641,2.9194060311467114
8642,3.6663108995958833
8643,4.445645807649132
8644,3.1736418108760955
8645,4.451959433192746
8646,4.72996400679938
8647,4.495992789758732
8648,4.47419743106167
8649,5.0
8650,2.969943005590286
8651,5.0
8652,4.2914544962354455
8653,3.9336665927859658
8654,3.85144434139601
8655,4.334840841453355
8656,4.814474091785488
8657,3.992803588048667
8658,3.919479426212521
8659,4.337971831876079
8660,3.8122002075349894
8661,3.849031774234569
8662,4.821248547886592
8663,5.0
8664,5.0
8665,4.672211304366074
8666,2.5223725215940593
8667,4.201116121897476
8668,3.543387992934387
8669,5.0
8670,3.0202863360995016
8671,5.0
8672,5.0
8673,5.0
8674,3.741296534552491
8675,2.7214047476822483
8676,3.787447428463181
8677,3.6232388153504016
8678,4.791172062522166
8679,4.8157847725784215
8680,3.1400813971883705
8681,3.3491003394603864
8682,1.0
8683,2.9796327129179563
8684,2.236751599611992
8685,4.319040856723318
8686,2.4956715125927924
8687,4.030686267277288
8688,3.2968418507877395
8689,4.282911501995753
8690,4.350089888582683
8691,3.147503608488796
8692,3.551844815533031
8693,1.1662968097084296
8694,4.773614166845798
8695,4.780428235284938
8696,3.6552758879051126
8697,4.652899447869372
8698,3.9359936975433936
8699,4.339142856171756
8700,3.1782948872199452
8701,4.498339044651232
8702,4.7347761387930785
8703,5.0
8704,4.541386833380578
8705,1.0
8706,5.0
8707,4.998993773467759
8708,4.4712659969010575
8709,4.3484041364718
8710,5.0
8711,4.650091166639005
8712,5.0
8713,3.9208932678369948
8714,4.968445778979286
8715,5.0
8716,4.850187736160659
8717,4.415690607648747
8718,5.0
8719,4.259607257158727
8720,4.4720835180404865
8721,4.414037864492933
8722,5.0
8723,4.953935191497132
8724,4.5309243270457085
8725,3.961788405809244
8726,5.0
8727,3.398679403582587
8728,3.922964817580187
8729,5.0
8730,4.851236506787987
8731,4.987911352353196
8732,4.186484386599487
8733,3.318487408288762
8734,1.0
8735,3.614621691213145
8736,1.9685224981093605
8737,4.562049633750584
8738,3.4503589844824027
8739,5.0
8740,3.8420666805636596
8741,3.588928172729893
8742,4.035004034254754
8743,5.0
8744,3.895150488663503
8745,4.4103883445076075
8746,4.589702559895017
8747,4.499132676433012
8748,4.546523512948212
8749,3.5750127336935327
8750,5.0
8751,3.873804551152665
8752,4.6440843128224065
8753,4.929055091764333
8754,5.0
8755,4.196027522284251
8756,2.0241299091735727
8757,4.847874390591035
8758,4.9510165332647444
8759,4.965450164720734
8760,5.0
8761,3.2692663512702334
8762,4.393210256078194
8763,4.566564106130337
8764,1.4010175629662054
8765,3.5433297527209016
8766,3.249507912569833
8767,4.056481923602897
8768,4.827196095968188
8769,4.273614857338309
8770,3.728797620083765
8771,5.0
8772,3.9128676326203773
8773,4.0231348924831245
8774,5.0
8775,5.0
8776,5.0
8777,1.0
8778,3.1115170852689955
8779,4.213864688146125
8780,1.4067813966257336
8781,1.0
8782,3.291518267052228
8783,4.7243346780134745
8784,4.63694787145296
8785,4.560318205527023
8786,4.7085639658826
8787,2.6998019976032834
8788,4.144407644792234
8789,3.785080735994565
8790,4.914485603081342
8791,4.643317313330964
8792,2.5894475500390555
8793,3.7507076887079966
8794,4.673361381274175
8795,4.150752749886961
8796,4.036159028463759
8797,5.0
8798,5.0
8799,5.0
8800,3.119893694627735
8801,3.4257835227516513
8802,5.0
8803,5.0
8804,4.211434511511063
8805,4.390505252538095
8806,3.7788071320957317
8807,4.309927628038624
8808,4.745795897262549
8809,4.457195350963934
8810,4.847638403816024
8811,4.245907018845943
8812,1.0774741555786451
8813,2.9105202957333094
8814,4.272539708181257
8815,1.9039705394578716
8816,3.187219842940875
8817,3.9500069399578055
8818,5.0
8819,4.146359238252683
8820,4.463170199965544
8821,5.0
8822,4.949627754411028
8823,4.158908596980489
8824,1.0
8825,4.333447069475666
8826,4.51872549162161
8827,3.852646258026731
8828,3.800342842820109
8829,3.900274431701521
8830,1.472782253014097
8831,4.820760543711798
8832,1.0
8833,4.328258616527268
8834,4.499165165901937
8835,4.993655963469062
8836,3.954843703358299
8837,5.0
8838,4.4972431983197065
8839,2.8897092126853092
8840,4.297346901038737
8841,2.0458471431597265
8842,3.8675874186904076
8843,5.0
8844,5.0
8845,4.419485164725806
8846,1.0
8847,3.929555321925606
8848,4.242548981840689
8849,4.972995635960842
8850,5.0
8851,4.328045675590755
8852,2.408487317252985
8853,3.3340469088043165
8854,5.0
8855,5.0
8856,2.2890505631703815
8857,4.134504359281685
8858,4.428647264463336
8859,5.0
8860,4.318859103486843
8861,3.826098366555777
8862,3.4470884371056574
8863,4.457881234372186
8864,4.529849293777442
8865,2.6338569706610495
8866,5.0
8867,5.0
8868,4.2764887908209985
8869,2.558932297371446
8870,5.0
8871,4.990707636700595
8872,3.012741087470695
8873,4.2788578341653265
8874,2.27246579271766
8875,4.8037758838381945
8876,4.230841821253921
8877,4.853466825089787
8878,1.5105869001548209
8879,2.8395751311836444
8880,4.696391412289782
8881,3.9464170043334774
8882,4.730616438519793
8883,4.927010609290879
8884,4.516301641414937
8885,4.428263423013766
8886,3.3651083414216876
8887,4.165909640143882
8888,4.566129239396236
8889,4.495915374076292
8890,4.3727115270528865
8891,3.7373586112239625
8892,2.907707436504581
8893,4.722412045874762
8894,4.060545948042762
8895,5.0
8896,3.2708115743559527
8897,4.014342127873254
8898,4.234114465694027
8899,5.0
8900,5.0
8901,5.0
8902,1.0
8903,4.036830891336239
8904,4.219408579479044
8905,4.404192112846043
8906,4.945420917461588
8907,1.0
8908,2.6399959128965955
8909,5.0
8910,3.6946532496139617
8911,3.981135160216025
8912,2.886804640820068
8913,4.789511142156114
8914,3.99551103103221
8915,4.89634144767823
8916,4.302106637131972
8917,5.0
8918,5.0
8919,4.811841718141341
8920,4.441310521874165
8921,3.924123697004555
8922,3.9164841398945445
8923,3.64678179360498
8924,4.300794992651043
8925,3.403938125245803
8926,4.005317860527578
8927,4.962102671303554
8928,2.1987306661953694
8929,4.542513849144379
8930,4.728570998743297
8931,4.589801178617161
8932,3.9563750397835076
8933,4.640291510150287
8934,5.0
8935,2.7685048454684
8936,3.909858743115102
8937,3.0508690036430086
8938,4.693238326705888
8939,3.9437992732084597
8940,4.976857899577219
8941,2.963206840836163
8942,4.317657025553313
8943,4.696479486161495
8944,4.647396834927898
8945,4.085678806567496
8946,3.0522901283124027
8947,3.851594591427041
8948,1.8852219323996329
8949,5.0
8950,5.0
8951,4.994291186952445
8952,4.258950239037346
8953,4.600643602373884
8954,1.69040419181005
8955,3.4237227425290473
8956,4.23735408179001
8957,5.0
8958,3.566964310153332
8959,4.802027151880587
8960,3.105678432351432
8961,4.998943393510483
8962,4.0371675370864795
8963,3.5113083606796116
8964,3.885137838486609
8965,4.754688974747761
8966,2.6818131226718362
8967,4.1715503658081
8968,3.3885760119796253
8969,4.08023277427534
8970,5.0
8971,2.680078333785824
8972,4.83168787226611
8973,5.0
8974,4.663337679120217
8975,3.9798909137545957
8976,2.9441944385721666
8977,5.0
8978,3.713724451834032
8979,5.0
8980,2.1368912069897816
8981,4.399908947774178
8982,4.957926576023579
8983,4.096484281622134
8984,4.459212523670718
8985,4.075663071492286
8986,5.0
8987,3.465487055717265
8988,4.765207542635505
8989,4.958965649706137
8990,4.50233903165438
8991,2.580957743958872
8992,4.015623879822167
8993,5.0
8994,4.743874120050475
8995,4.807021330522357
8996,4.885558630623182
8997,4.753089835789098
8998,4.218528064424435
8999,4.201808804764431
9000,4.234880579258454
9001,4.729956995478363
9002,4.587639996819089
9003,2.6050396464394847
9004,4.525451190177181
9005,1.0
9006,2.9354622531414103
9007,3.9373210633580253
9008,3.633831404544654
9009,3.4422156822349668
9010,3.887878197328689
9011,4.031578396509314
9012,2.883637578977149
9013,4.3497909098089735
9014,4.630408666064882
9015,2.069294498064529
9016,5.0
9017,4.191333840070444
9018,4.512560874323357
9019,2.050218346959311
9020,3.126333165321793
9021,3.731070009078435
9022,3.250494304045275
9023,5.0
9024,4.924675719349498
9025,4.008695959960715
9026,4.616220937692896
9027,3.9552182476322146
9028,4.5389651379947855
9029,4.08073857494587
9030,5.0
9031,1.5736012117711704
9032,4.616741855341431
9033,4.275965754396884
9034,5.0
9035,4.680223425913149
9036,1.1728102069305348
9037,3.9528496487696043
9038,4.539654563348782
9039,4.609895902449363
9040,4.001289437867115
9041,1.1990506000050716
9042,1.0
9043,2.134202079904218
9044,4.72542970873296
9045,3.810958074057713
9046,4.023779680007579
9047,1.4151959850984563
9048,3.1992232784149057
9049,2.7719575435993042
9050,4.791290296804388
9051,4.553151470354942
9052,3.459189976589248
9053,3.8050889434945576
9054,4.923195200245536
9055,5.0
9056,4.064648888592338
9057,3.3257692004915085
9058,1.0
9059,4.307140801684615
9060,4.76341575364723
9061,3.330890087806141
9062,1.425297988261475
9063,4.7321668941098425
9064,3.0030438782466664
9065,3.0931297129455126
9066,3.6390842701690502
9067,3.863881569552648
9068,4.064530117625812
9069,4.33822082327651
9070,3.9236212415356446
9071,5.0
9072,5.0
9073,4.411799529857088
9074,3.9772876595481073
9075,2.5705968590392003
9076,5.0
9077,4.966138750383249
9078,3.943696948208656
9079,4.429061118673732
9080,4.64184755383768
9081,3.9030266395070288
9082,3.615647905458638
9083,5.0
9084,3.5760955829438825
9085,5.0
9086,4.604764255180758
9087,4.623137632791895
9088,3.965607445909102
9089,1.0234143425425206
9090,3.9110390044443886
9091,4.816762615064714
9092,3.497376736256614
9093,4.65762693574662
9094,4.9996109681241245
9095,4.121430028526768
9096,1.6923814594314996
9097,3.519352923892131
9098,3.415159944062477
9099,3.12026259283805
9100,4.656547321398968
9101,4.938604400621964
9102,4.746733135282641
9103,4.606509812630151
9104,4.3398267381170506
9105,3.0082874438999507
9106,3.819428074520342
9107,3.6502052304853905
9108,4.37082350958538
9109,4.557954639496965
9110,4.835530081013196
9111,3.3814821762805813
9112,4.2236811210150265
9113,3.262301056928227
9114,4.1344550442668035
9115,2.4960294020913807
9116,3.9809031491553624
9117,4.8634154607656175
9118,4.224495681951954
9119,4.183729192329361
9120,4.272401282532247
9121,4.459722479691699
9122,4.027900653495458
9123,1.1512508868763747
9124,2.980623461320408
9125,4.548583929114691
9126,4.123045355732458
9127,2.843954262478013
9128,3.557925243950783
9129,2.04765911616095
9130,2.6560108140082215
9131,4.14940867342766
9132,4.58960411769662
9133,5.0
9134,3.299245872803956
9135,3.7870649538052032
9136,3.8993359594382353
9137,2.2153848592715297
9138,4.591100731978271
9139,5.0
9140,5.0
9141,4.132876413503255
9142,3.3637867790272553
9143,3.933077567921089
9144,2.635546022276024
9145,2.824847811972376
9146,4.768934157990601
9147,4.770666048833629
9148,4.758551705298111
9149,4.381371980878794
9150,3.291688783326662
9151,1.0
9152,3.858507477596091
9153,4.93624991033061
9154,3.1087994955876184
9155,4.2475352623078555
9156,2.686704786225235
9157,4.450559863540605
9158,4.598977048330255
9159,4.210262124823598
9160,5.0
9161,4.332453022937477
9162,4.84328084446898
9163,3.7405382740221085
9164,2.8441311289017275
9165,3.4600407992497226
9166,5.0
9167,5.0
9168,3.2513447033874576
9169,1.0013352929096937
9170,4.694298397442198
9171,4.63619183153258
9172,3.867547384731294
9173,4.583570436309486
9174,4.40529078427226
9175,3.8957841717764916
9176,3.608403071770004
9177,4.908684228480406
9178,4.616936852085566
9179,4.004269327753499
9180,4.324374753010804
9181,4.37246255015617
9182,4.039501844243193
9183,4.79299021162561
9184,3.1714142114647195
9185,3.297142567768443
9186,2.627287931771929
9187,3.80323729119517
9188,3.908037960395561
9189,5.0
9190,5.0
9191,4.927869748361791
9192,4.401100541479306
9193,4.631262247166006
9194,3.4771127740494485
9195,5.0
9196,4.006063381554092
9197,4.183093693613391
9198,3.4690541337102507
9199,4.352961514012863
9200,4.642634915700867
9201,4.2025968915252605
9202,3.427239172824502
9203,5.0
9204,4.673060610923764
9205,4.228084826877793
9206,4.301123533771165
9207,5.0
9208,4.989192677768273
9209,5.0
9210,3.059723859554328
9211,3.914514280073373
9212,4.6442580691180595
9213,3.2362914732855304
9214,3.941056911557184
9215,3.876088211372406
9216,5.0
9217,3.0042745144920318
9218,5.0
9219,5.0
9220,4.179062649318647
9221,5.0
9222,3.7340022732662685
9223,4.112269040458503
9224,1.3356942991928573
9225,2.7234170663466775
9226,3.85930286442498
9227,3.5986845382505668
9228,4.380711926962351
9229,4.835017366583868
9230,4.583818679831489
9231,3.9449653207113946
9232,2.6401676574688047
9233,4.348451548836129
9234,4.868672784776302
9235,3.679407585728947
9236,3.089043949313114
9237,4.634953937331507
9238,4.81080629295651
9239,4.537027676303664
9240,5.0
9241,3.126210390684571
9242,5.0
9243,3.854731538352999
9244,3.077024926268331
9245,4.895023591838481
9246,4.876632099426267
9247,3.909630904740906
9248,4.428648955587494
9249,3.7954353199934308
9250,5.0
9251,3.846961386638054
9252,4.627477947131879
9253,5.0
9254,2.3936731433895377
9255,2.6919773074733415
9256,3.738361238890932
9257,4.251436790232612
9258,4.876962433877397
9259,4.633263792596609
9260,2.628631376619209
9261,3.671573598976588
9262,4.228614507132299
9263,4.432113383203469
9264,3.6995329016107243
9265,2.404605202076007
9266,4.079618012585128
9267,3.9492110519435206
9268,4.489377778649759
9269,4.977911400482753
9270,3.4723350016580383
9271,5.0
9272,2.4472160493323187
9273,3.2677609621004216
9274,4.277206497154403
9275,4.290265145691072
9276,3.739079566326091
9277,4.036642439349829
9278,4.355214051739322
9279,3.1511974484641168
9280,3.7693092892538806
9281,5.0
9282,5.0
9283,3.1840402217863883
9284,1.8337440720404194
9285,3.957629646818533
9286,1.4050053359190369
9287,1.4466031909708101
9288,4.081237948525381
9289,3.3011195257493267
9290,3.9131429187052786
9291,4.162477994239042
9292,1.2241665434798883
9293,4.873064635908701
9294,2.476460545639098
9295,4.993639846973709
9296,2.473312122638989
9297,4.0042961316388475
9298,5.0
9299,5.0
9300,3.201280127513935
9301,3.8883296062612906
9302,4.331289025327765
9303,3.1194159426021355
9304,3.7181992917051168
9305,4.7333784170621565
9306,4.200826501588508
9307,4.012235852388651
9308,3.808983624491751
9309,5.0
9310,4.060981319991567
9311,4.486907973308768
9312,4.038800477437575
9313,3.3338155454494918
9314,3.593750228853209
9315,3.770457748038557
9316,4.095775413292212
9317,4.95314857053407
9318,4.736434969726213
9319,3.100707682621794
9320,4.660151576572371
9321,2.5900332349633066
9322,2.1879649086585795
9323,4.274315751142493
9324,1.8394797726421455
9325,4.10685152094791
9326,3.872644909509903
9327,3.7808850605433784
9328,4.900047312694581
9329,4.667503623546426
9330,4.101420721967728
9331,3.817882496302016
9332,3.6054272480457756
9333,3.8575700976742704
9334,4.973102786039602
9335,4.694441960814588
9336,5.0
9337,3.8344610572109223
9338,2.7565638431795074
9339,4.849340833944591
9340,5.0
9341,2.6742094311243845
9342,5.0
9343,4.214548551625503
9344,2.877190802459829
9345,4.438983220321375
9346,3.9074738584337156
9347,4.236973069629409
9348,3.6410986387187343
9349,3.846786751458523
9350,2.996112770151054
9351,3.8018325329036506
9352,4.525038369193348
9353,2.932130820574349
9354,3.956985147489613
9355,4.239675579958375
9356,4.4256991469144324
9357,4.351244343926307
9358,3.0099979782151696
9359,5.0
9360,2.141572091613996
9361,4.266750215345239
9362,4.354546925608158
9363,4.37415929860511
9364,4.683042843386091
9365,1.887061750029525
9366,1.343198472584505
9367,3.6690358942738452
9368,2.3258346962441263
9369,4.267432461148764
9370,4.63309098566425
9371,4.552987950011738
9372,2.321122500099544
9373,4.600677010159869
9374,3.9225550798924504
9375,2.2690027429012702
9376,1.0988821728546907
9377,3.798896433983773
9378,3.8881144035936357
9379,4.98540292083356
9380,3.3844926735638268
9381,4.983842882183711
9382,3.365960017960127
9383,1.2591271707236202
9384,4.073647740148818
9385,4.2169091799657705
9386,4.418683297271389
9387,3.9105820115499617
9388,2.571045694574589
9389,2.5208457866757445
9390,4.295861737625468
9391,4.170322117402421
9392,3.997065867854465
9393,1.4517788912695473
9394,4.726661625215927
9395,3.9740094055692587
9396,3.976730318045925
9397,3.2462515526347357
9398,2.9594952293051477
9399,3.4939098436817315
9400,4.006542987705357
9401,4.31886203354496
9402,1.0
9403,3.3746076094512336
9404,3.9504535603268334
9405,1.3926879648441495
9406,3.9308290557420014
9407,4.396518087431077
9408,5.0
9409,3.9482274193400118
9410,3.531014432165594
9411,4.260553239604079
9412,4.72022290114684
9413,5.0
9414,4.487236565825981
9415,4.583878022137599
9416,4.17558394168258
9417,3.8998729853480403
9418,3.8789766605523295
9419,4.625532611249641
9420,3.560568785657372
9421,3.862489073654573
9422,4.289168696655721
9423,5.0
9424,2.8106245620957044
9425,4.894833926843911
9426,3.815328729198964
9427,4.576214512537476
9428,5.0
9429,4.923542681023064
9430,5.0
9431,4.113514341910872
9432,4.961882891937174
9433,3.9844796901012414
9434,4.19550550348128
9435,4.727361684753958
9436,4.60197900943285
9437,2.8992309076845677
9438,4.294003055459365
9439,4.777425191457792
9440,5.0
9441,3.8748148100812574
9442,3.7540111664275804
9443,3.4533427347675296
9444,4.567791237265771
9445,4.452699078941015
9446,4.041541090580924
9447,3.959137436044283
9448,1.079035681478086
9449,3.9822485582684086
9450,4.826522592005242
9451,3.030698661069625
9452,1.0
9453,4.770543391600809
9454,2.768430693166101
9455,2.4915718515255305
9456,3.341226732925872
9457,5.0
9458,4.421408951522984
9459,2.967152112833255
9460,4.063251605260633
9461,4.44445803511454
9462,4.898946068876026
9463,4.079008127505163
9464,4.801991049029167
9465,3.883406524138107
9466,3.3219946132973224
9467,3.974660484779079
9468,4.751064021913512
9469,4.899589971644013
9470,4.366670469071435
9471,2.095198566080823
9472,3.2713121125191655
9473,2.1082205050644984
9474,4.319496460972658
9475,2.9522256652843266
9476,4.760981280912337
9477,5.0
9478,5.0
9479,4.432212716595921
9480,4.3599336077518895
9481,2.9009639696822536
9482,3.745582787744471
9483,4.981100688603229
9484,5.0
9485,4.417666259278081
9486,2.8689877880274564
9487,5.0
9488,4.436127904432166
9489,5.0
9490,2.669846188167984
9491,5.0
9492,4.2810621195170695
9493,4.370877109957509
9494,2.4658286891770747
9495,4.124690526747789
9496,4.352138273998184
9497,4.652508999504297
9498,4.6057611643470375
9499,3.731146885913977
9500,3.307449868151828
9501,3.9852326870931645
9502,4.136020420939983
9503,4.578798035153963
9504,4.656106825443908
9505,4.1841918845611055
9506,3.945532742347628
9507,5.0
9508,3.008137588843375
9509,5.0
9510,3.7826507982424324
9511,3.9360658511614366
9512,3.0391375194812005
9513,3.9203599481871163
9514,3.84161701065807
9515,2.326295856644067
9516,4.9634397829318635
9517,3.3964553464105185
9518,4.729991252640498
9519,3.848425663261663
9520,4.172639245735682
9521,3.7813973619515138
9522,4.833741635028733
9523,3.7235804981437717
9524,4.530000459749405
9525,5.0
9526,2.9087925672204884
9527,4.831236231326281
9528,1.5976685975415619
9529,1.485101799240249
9530,4.5883582018284255
9531,5.0
9532,4.316303146278288
9533,1.6339340443870038
9534,4.202953911889446
9535,4.425000147872124
9536,3.8632660183236105
9537,3.320880601428156
9538,4.127787714134222
9539,5.0
9540,3.767393799271466
9541,4.439709398928271
9542,4.623096604220543
9543,4.71421369516772
9544,4.672185739586841
9545,2.4612047534925434
9546,2.750659858400308
9547,4.852133419356167
9548,4.3649930459760915
9549,3.842254620283666
9550,5.0
9551,1.9341607302573065
9552,4.576993894918472
9553,4.1529258964890845
9554,4.50488974759123
9555,4.220251672084231
9556,3.7656497379039653
9557,4.776549805986031
9558,4.5548446012216015
9559,3.6382130044496064
9560,5.0
9561,2.8607801586221107
9562,4.467181792179653
9563,4.053967203179469
9564,4.567091114837186
9565,3.690988689217212
9566,3.2056288326882365
9567,4.381302753151701
9568,1.3248197682472669
9569,3.669401071176246
9570,3.138445572236313
9571,4.416561171033604
9572,4.4300443048896865
9573,4.220778029251456
9574,2.3636244269822657
9575,3.157663840184699
9576,3.521273277844459
9577,3.8907767512957268
9578,4.467091278117646
9579,2.3988656433605233
9580,4.79181459677295
9581,5.0
9582,4.776085280417614
9583,3.6131929367202718
9584,3.050915837079854
9585,4.270693469492817
9586,3.691138378818422
9587,4.065529994140777
9588,3.2895522139036717
9589,3.7677384063996486
9590,3.8442381810896142
9591,3.5858151421538356
9592,4.705229675700311
9593,1.6953895196153255
9594,4.255995552553638
9595,4.109912768550031
9596,4.271777593946391
9597,4.5646219711162965
9598,4.094824056924742
9599,4.196596721945387
9600,1.4428138131516528
9601,3.606999075380248
9602,4.708304075338402
9603,5.0
9604,1.3912725399284014
9605,4.487882889174028
9606,3.4210607975018354
9607,4.014796422917637
9608,4.17602316098437
9609,2.1083916179587923
9610,4.148142604853518
9611,3.9802497237031287
9612,1.8835306670166434
9613,2.6818027164851284
9614,2.9419227733058677
9615,3.879566296465487
9616,2.7003595962037537
9617,5.0
9618,4.762720616152383
9619,4.574853348254371
9620,3.998595996686224
9621,4.810425445732143
9622,3.9922721442366718
9623,4.668742584028918
9624,3.913015242149634
9625,4.974290907836613
9626,4.159636910100587
9627,2.944708226510713
9628,3.8170397621935797
9629,3.8525773270729773
9630,4.712440881381251
9631,4.276962830153941
9632,3.89690555218685
9633,2.7629033883931773
9634,4.4400229898749375
9635,5.0
9636,3.1921892435323067
9637,5.0
9638,4.2290504398085
9639,3.818978591188298
9640,4.987717579329104
9641,3.082949100716668
9642,5.0
9643,2.5145083496510736
9644,4.760950446759776
9645,4.868546022789258
9646,4.492317275917593
9647,5.0
9648,5.0
9649,5.0
9650,4.420390833927042
9651,5.0
9652,4.053269912802417
9653,5.0
9654,4.941729707926803
9655,4.521268575033416
9656,3.2963864407545644
9657,2.0572545691556154
9658,3.862344335179573
9659,4.980169649432187
9660,1.491382826921802
9661,4.425690558792169
9662,3.1331895578864914
9663,2.3409455350731516
9664,4.752625872202038
9665,5.0
9666,3.6802026619303274
9667,2.95004256722713
9668,5.0
9669,4.244665283267016
9670,3.3973346696793465
9671,3.550411620589567
9672,4.127598744662803
9673,2.183987515529935
9674,2.9613197184983724
9675,4.786803423800667
9676,3.3314702375560956
9677,4.34334306074228
9678,3.847894187093161
9679,4.40742129165426
9680,5.0
9681,4.7075231377277635
9682,4.800164585524054
9683,5.0
9684,1.8730789665942384
9685,4.05403522521979
9686,4.093178151742152
9687,5.0
9688,3.624189759619713
9689,4.96247261112695
9690,4.322787245912533
9691,3.9647945919173133
9692,5.0
9693,4.842429991380059
9694,3.977795816611954
9695,4.652791658854053
9696,3.5843521514144547
9697,3.9097211656105033
9698,5.0
9699,5.0
9700,4.48740656137396
9701,3.8399122375797736
9702,2.3635053772594525
9703,4.766028998121856
9704,4.178684671123144
9705,4.206564953688612
9706,4.53209042363227
9707,4.150864373047582
9708,4.572278803028288
9709,4.271252424381748
9710,3.140614184797376
9711,4.063491484588497
9712,3.3918140201129523
9713,4.473699842196335
9714,2.8251141989055557
9715,3.6655473131214062
9716,5.0
9717,3.4992315106587695
9718,4.987721390714144
9719,5.0
9720,2.5061178107526056
9721,4.181243982360874
9722,3.766080984435128
9723,1.0264797917176518
9724,3.587354208135256
9725,4.22511125897055
9726,2.319521538987916
9727,1.9349051497190892
9728,4.312287256411951
9729,3.860835924166962
9730,5.0
9731,4.58625373180985
9732,4.752368702000139
9733,4.5670431292389235
9734,4.206779486479322
9735,4.038962935307762
9736,4.587191082700607
9737,4.175593797062811
9738,4.172771116534424
9739,5.0
9740,5.0
9741,4.824428486014615
9742,3.6827920435417427
9743,4.368181363539608
9744,4.848998775752176
9745,4.1372918051864565
9746,4.558278588969194
9747,4.252094142768349
9748,4.3421619243354455
9749,3.3717447914778518
9750,5.0
9751,4.598695821754741
9752,3.784747544390823
9753,3.6895049920500815
9754,3.72431070560678
9755,1.0
9756,4.23583955317673
9757,4.399238078438054
9758,4.7477340020931456
9759,3.421082615418599
9760,5.0
9761,3.9720569319623467
9762,4.367345932432652
9763,4.380126749114548
9764,3.563327227016538
9765,5.0
9766,4.345003516999147
9767,3.7349910813499188
9768,4.878743507472134
9769,3.7255590341766815
9770,2.0499041165043828
9771,4.470641015565118
9772,4.654037746419443
9773,2.5575236797950667
9774,3.485427175266029
9775,4.253963878913479
9776,3.1136247814378746
9777,4.339222338463621
9778,4.226360755230596
9779,4.646117505613977
9780,3.8103206369854377
9781,3.788820087655248
9782,4.681582021693272
9783,4.941436655023544
9784,4.40471700366561
9785,3.6672481791757576
9786,4.183825442031996
9787,4.764126091812413
9788,4.445045168909061
9789,2.698020242030509
9790,4.650188092319202
9791,4.85179868481777
9792,4.559319621235221
9793,4.228522472216882
9794,4.217293095128486
9795,4.843643573822132
9796,5.0
9797,3.8758746302360607
9798,4.901187897631243
9799,4.831565856626348
9800,5.0
9801,5.0
9802,3.950193276580957
9803,4.044014336639274
9804,1.0
9805,4.566431417760569
9806,4.758228498594559
9807,4.671869338805889
9808,2.172255368991146
9809,3.278785782318207
9810,1.8993819660112659
9811,4.396777375147474
9812,3.71390328199048
9813,3.6873262593790965
9814,3.8427253796550946
9815,4.598745060981017
9816,5.0
9817,3.9409549587925032
9818,4.600674181358002
9819,4.693236778247409
9820,4.990045412362963
9821,4.070264787058439
9822,3.660249612966127
9823,3.5974854227030475
9824,4.233725206588517
9825,5.0
9826,3.4841880569453716
9827,4.353424147018517
9828,3.347100036209091
9829,3.977960027844751
9830,4.285086546322753
9831,3.7735968144246526
9832,4.07700422271326
9833,4.514641237223862
9834,1.8967263375147152
9835,2.739401564524011
9836,2.979855192146848
9837,5.0
9838,5.0
9839,3.8493725655335838
9840,3.5827256536259506
9841,4.027197014096605
9842,4.9549976437455445
9843,3.234161063387314
9844,5.0
9845,3.8759732715579402
9846,3.0575108806775066
9847,3.1833085093817477
9848,3.35970343204514
9849,4.382137790551257
9850,3.5511773664305704
9851,2.198841626662594
9852,4.154440669389736
9853,4.752131586702594
9854,3.6085834956793423
9855,4.283618995435649
9856,3.784963463042413
9857,3.9486119394857035
9858,5.0
9859,4.678947812976164
9860,3.9622420380981094
9861,4.165701747275086
9862,5.0
9863,4.14399235683717
9864,4.930583607237157
9865,3.8554315250351814
9866,4.201562810289199
9867,1.3159180258457455
9868,4.026532227301011
9869,3.430032100205043
9870,4.795958480728204
9871,4.395631739235638
9872,2.5213592331811343
9873,3.48637046236499
9874,4.832754895126429
9875,5.0
9876,1.0
9877,4.112118576821094
9878,5.0
9879,4.945704426751222
9880,2.5635656304726036
9881,3.675756571454867
9882,3.9623010207864953
9883,4.428682930246642
9884,4.054289760724537
9885,4.513805938006717
9886,4.253824762459789
9887,3.6957794370362516
9888,3.7776090870764722
9889,4.868108282410125
9890,3.8657230523543133
9891,4.799276284905468
9892,3.435744981536846
9893,3.505840333425402
9894,5.0
9895,4.811381229562696
9896,5.0
9897,3.994204258350519
9898,3.6492738288401805
9899,3.4201561786635377
9900,2.9870461073610484
9901,5.0
9902,3.9395770378401993
9903,2.752627450811578
9904,4.8542418630104205
9905,4.914388262753549
9906,4.001224448447591
9907,4.34237862225377
9908,4.397842190525628
9909,3.2880493222278098
9910,4.384033907430946
9911,4.170986402068639
9912,5.0
9913,4.657134686409427
9914,5.0
9915,3.46623995869371
9916,1.0
9917,3.9295233738422355
9918,4.082716224419005
9919,4.987405192809324
9920,1.0
9921,4.320798470451277
9922,2.9125995168580703
9923,3.646697636704805
9924,1.5580441605885078
9925,1.2244216678255302
9926,4.405346789142835
9927,4.845459752161672
9928,4.149685491909903
9929,5.0
9930,4.547793075535913
9931,3.5857260690021975
9932,4.942810601876272
9933,4.254759158045813
9934,4.712316368099206
9935,3.022777504744899
9936,5.0
9937,3.99980225008803
9938,4.636378701522304
9939,4.829248341145805
9940,3.4228279935345407
9941,3.4021499225869016
9942,4.594903881993979
9943,5.0
9944,3.158170719897356
9945,4.188261324923339
9946,5.0
9947,4.87911058723158
9948,4.981995483282102
9949,4.127288314788914
9950,2.951790520599296
9951,3.345685005242523
9952,4.367633862741213
9953,3.9276656363952407
9954,3.7982696840210872
9955,4.9168766066015275
9956,4.590528526786466
9957,3.776016113351993
9958,4.09561620387902
9959,4.451532661383114
9960,3.6096278706770724
9961,4.044700812561108
9962,4.667626700789367
9963,3.209330922044638
9964,3.296647236611837
9965,3.991602877084544
9966,4.665703305284255
9967,3.1290680525533565
9968,4.812156203073668
9969,4.539514230257878
9970,4.309137022177309
9971,4.013018861946965
9972,4.71532446013466
9973,2.250267989238585
9974,3.898601688945626
9975,2.8450333896728477
9976,4.706028727198446
9977,4.3849038773878455
9978,5.0
9979,5.0
9980,2.7424966215573803
9981,4.601401207122016
9982,2.586947465008179
9983,4.580992755680058
9984,2.840116457867744
9985,4.7068964472655725
9986,4.513126407695081
9987,3.9156067331188806
9988,4.77953763325929
9989,5.0
9990,4.351523199592495
9991,5.0
9992,4.465477989842351
9993,3.942723690755851
9994,3.447710593209586
9995,4.673722259147647
9996,1.0
9997,3.6141187666890233
9998,4.216921032329257
9999,4.200146836403843
